0.02433224836582896
0.02848095592683425
0.02557250067905809
0.02407027142459349
0.02753559353500789
0.01969070322568407
0.01980244612088772
0.02416309117694078
0.02210858401676715
0.02113449908130959
0.02375080430804245
0.02011408548003224
0.02028996721290206
0.01764334305702623
0.0189864682595549
0.02250101022166199
0.02031079170249199
0.01821087712449856
0.02104934311371527
0.02312423428563232
0.01942374470126973
0.01840466277474619
0.02568803329432684
0.02332147169620227
0.02005176350888862
0.02665259584322303
0.02365218099777764
0.02368071885925295
0.02712443902098297
0.03281990266983822
0.03595746834507137
0.08311355838416407
0.1287588750391951
0.1215112007206638
0.1066280977444319
0.104364029751943
0.09560971269196629
0.08487326683223149
0.08624350714703695
0.09186297156322187
0.08525933968170514
0.08508279043192205
0.09041642307346949
0.08596596700914544
0.08167192233268175
0.08567561738474548
0.08191704726069497
0.08322457886236721
0.07988282939546948
0.09344721938987162
0.08658628290684163
0.08321799552669397
0.08162746464192297
0.0865619602064998
0.08436595637320657
0.07918482954953925
0.08168359201980188
0.0873230474914742
0.08275754286379809
0.08194391213117663
0.08338338533449416
0.08424863800770405
0.08136339784504269
0.08194663144144206
0.08330526942481964
0.07985907400925336
0.0799990254715741
0.08574387604926383
0.08116493000569425
0.0907758166309602
0.07985859411286038
0.07802847391926757
0.08472671290707673
0.07594135808549556
0.08566850464803359
0.07936489146202065
0.07260386305916763
0.07890219384637448
0.08838554968493939
0.0787153459725607
0.08041558838275306
0.0849694274082743
0.08008996298156747
0.07779796877975617
0.07908902971354836
0.08494906354022855
0.08224869325651023
0.07673196389115329
0.0746111343466596
0.08235991147875583
0.07708840414864825
0.07256055331352604
0.06326555423868013
0.06451293994197403
0.05382410117262797
0.05292492735059651
0.05618329009172118
0.05344757800590101
0.04739125986861784
0.04988363236953426
0.0503857678301679
0.04562756910735417
0.04642396877866562
0.05096149672949438
0.04701506574861568
0.04584235737724002
0.04605726087932153
0.0394765707821162
0.03987913389842306
0.04099133687590336
0.04028669180939596
0.04116042578873528
0.03717568045624167
0.03367435462358234
0.03551569291106599
0.02903264288160592
0.03041531709560551
0.03266292361231547
0.03310012047833578
0.02519545110399057
0.02171608348295873
0.03588517099648767