0.0764049216801212
0.08957264653827464
0.09002227639953296
0.08973322905614263
0.08147931334276994
0.08231433957573914
0.08616830794456461
0.07717571511268616
0.1027724877104873
0.07685455119680791
0.06699481521490075
0.08597560902649448
0.07242248771048727
0.06233793709945112
0.07849248743482999
0.07030280478029025
0.07662973605082149
0.08189682628696873
0.06757291076311044
0.07502391569614411
0.08058005422325362
0.07891000055131459
0.08809529187054861
0.08234645571751255
0.07707936582593691
0.1168073559770982
0.1085534405221542
0.156246298009583
0.2057055571635564
0.3042065651115917
0.7852781590576683
1.702394146113594
1.9138164240637
1.513003722320142
1.450986952237714
1.343525467858002
1.227360439884946
1.219877317690282
1.160590439040746
1.142027158604066
1.246919328297178
1.247047794070272
1.254338214590294
1.213967897554948
1.260054937185844
1.217404351859717
1.238408480779188
1.29910848500019
1.256168852072245
1.279164195909103
1.2817013935925
1.235196841792692
1.12539086183494
1.240431817437637
1.252892979251629
1.226846572571567
1.181594565289787
1.128409802075653
1.164572872148951
1.192867420727014
1.192096628758879
1.264165836325572
1.218913824995075
1.164701337232902
1.156993401873537
1.196271760785154
1.181016468966291
1.261724990857783
1.185320067627089
1.119352977046371
1.16376996042104
1.197299487142194
1.16274223613143
1.24100990979856
1.205135887327081
1.160076575173083
1.060323028392451
1.112736998260163
1.178093874911183
1.196785624222103
1.190201758131953
1.190169646211181
1.078243982892519
1.095329906507901
1.170289591212642
1.182044194806474
1.134961546855455
1.039961229372167
0.94158868762794
1.022425672708239
0.8075990566812811
0.5995168833184811
0.3527665639400482
0.2700347107309671
0.1857612726380428
0.2085318002951997
0.1487631755564894
0.1470288900317181
0.114880371275828
0.132255345077316
0.1410873556497551
0.1023228577630861
0.09210984180967013
0.1018089957905667
0.07804285843500069
0.06416857242782911
0.06702693213196027
0.06519629671743939
0.06699481547332946
0.06558169403672219
0.05774529178440571
0.07579470947328068
0.07178015918958755
0.04647243427974837
0.06927508031839416
0.04833518557761397
0.04573375690281391
0.06121386326466288
0.05032640247628802
0.0591584136517275
0.0481746037488892
0.07206920730826401