0.01755136062324708
0.01742303078893775
0.01739104699667865
0.01719319472583945
0.01647840526173447
0.01777486243789375
0.01734221685663282
0.01838438473793078
0.01785404597036465
0.01911443156070756
0.01953368347799415
0.01681758961356972
0.01722930919929197
0.0185823697978448
0.0201127094238496
0.02081569885839808
0.01871098296717998
0.01882520540224902
0.01946154099528074
0.02035011694822221
0.01887265311796551
0.01804596601774779
0.01900884946294688
0.02054201343006361
0.02016261162439185
0.01984671550624885
0.0190174222344821
0.02099624640948034
0.01947154418725382
0.02097771376163815
0.02572888772086522
0.03958028656941464
0.03685189885815741
0.03115398242390345
0.03204809422198535
0.03067454396162286
0.03106906932981085
0.0327977512000972
0.03452078230796918
0.03772021218111742
0.04009420001751055
0.04038395659463277
0.03973794485661494
0.04216836167216444
0.04336740253158652
0.04470564794196685
0.04839682203950817
0.04932344494608605
0.04726271540620591
0.04636572961383201
0.045868717465795
0.04891440386949431
0.05290754340662891
0.05246415375028131
0.05026949810449154
0.0498012523881927
0.04688846682304611
0.05434820388166927
0.05531137046834565
0.05489435028208563
0.05412397722487709
0.05394285784781879
0.05223827264956501
0.05533988485262673
0.05734297909951666
0.05757699068277893
0.05514997002613608
0.0549877800880682
0.05557736819761462
0.0533574924239798
0.05936137768337107
0.05927682865140648
0.05735888441635083
0.05725300173241539
0.05562773293515987
0.05821403749517666
0.06038667471515193
0.05938398838652596
0.06129112540490894
0.05917451698325795
0.05628780682220656
0.05831693502556766
0.061502170547033
0.0602895087860434
0.06171505248651021
0.06019075076988
0.06092034448247931
0.06011145676171902
0.06153502959631302
0.06713215861664205
0.06308999634627387
0.06372346187992865
0.05565872428064614
0.05395893165411682
0.04512698941752882
0.04360633598215332
0.04215693398536866
0.03882640676157809
0.0363529399252783
0.03410769743146589
0.03440271261929328
0.03223918328075119
0.03301606695221719
0.0312049296580585
0.03000575217913854
0.02930146533708398
0.02793713636338718
0.0267534548335594
0.0256969525976519
0.02373812060174313
0.02398848805473227
0.02385590935949727
0.02426636623869324
0.02318640979586421
0.02215894098572184
0.02393705419085762
0.02189106403882242
0.02074422808173217
0.02091991535758527
0.01819581702120103
0.01792865107656176
0.02563589392549285