0.1110795200970415
0.08516461512516742
0.09535960742031466
0.0934814714628656
0.08791023021993728
0.09557016066425329
0.08910617372711431
0.1176150957174547
0.1013182670938281
0.1259108970391115
0.1181499013950775
0.1046576430338559
0.1034322230102351
0.1063715477946859
0.1209207835211256
0.1080938737396594
0.1154506071616564
0.115492717826257
0.09912009024354337
0.1212408246511554
0.1209207830467372
0.1405401435817455
0.1479347763646889
0.1630103954777017
0.156415865084977
0.1549967354507401
0.1681521082579621
0.1843815597391629
0.2086162490353405
0.2599786312345389
0.5427222894125625
1.114319861858067
1.378269523467113
1.552519256433642
1.511524520570712
1.451681053209138
1.364895178840945
1.233320396068942
1.319024029914811
1.468546374777032
1.492688424564325
1.414716309925111
1.468925370600309
1.396667676072802
1.352624131413502
1.468015779375222
1.527345504456076
1.614661971854137
1.528680408966005
1.503464538970819
1.467447285798437
1.495151896387782
1.543120156727288
1.56447868763124
1.590250416264407
1.532533535014161
1.498415472815269
1.483032442846212
1.575861201695968
1.584965526829181
1.546408999632601
1.571616444016019
1.495412982903629
1.462061333140111
1.4893406255426
1.67239990385093
1.669633239195584
1.560225511376284
1.490865028359491
1.516990488551922
1.477052732426152
1.572016498966703
1.529581577900042
1.553386738021969
1.623277811933882
1.503051855327444
1.444884390677553
1.62011951256322
1.604782807487812
1.665220037275938
1.506092247051037
1.541583116836846
1.487243511045703
1.472020503736876
1.562011001815929
1.522064824426951
1.512467801908774
1.478977186873008
1.456911193720241
1.529185735122724
1.667485586841024
1.148084191232659
0.7049915348213506
0.5544880075997615
0.4891575181897131
0.3817626827474606
0.3290696030724924
0.3218644682011874
0.2773871801385878
0.3048475472128891
0.2466674484148413
0.2728518612448361
0.2222053610554317
0.2115429405413464
0.2130505018596622
0.1844573590935736
0.1648506314416865
0.1632672705317659
0.1596962859364344
0.1381945791681642
0.1227989186088626
0.1475473586456863
0.1218766948959784
0.114621027069023
0.1251571163008889
0.1002360227763965
0.1046197431985211
0.1062578485258757
0.097380919637406
0.08615421566421858
0.09445001730213425
0.1022657573636022