0.1477768396993273
0.1974331022461051
0.1566667917140366
0.1673115585913363
0.1764994982906531
0.1209745424048802
0.1397642937172012
0.1492502204794757
0.1362050013205747
0.1276627004389808
0.1708791282552829
0.1229197364361937
0.1211483679714379
0.1146009265900273
0.1290201980779364
0.1393918095388261
0.1330761353722758
0.1078548261305618
0.1207758842593002
0.1368589180272674
0.1115051703326583
0.1210242069412752
0.1526770736461448
0.157643527907297
0.1093364851105049
0.2032521305824678
0.1391517638133461
0.1673860549296915
0.2467003265461049
0.3154774365374415
0.4027463120214411
1.146265866315805
2.285297254439943
2.326328447938887
2.275860996099375
2.327255515088791
2.000305570799512
1.660798777779148
1.625479012959192
1.708029757951902
1.714039166389462
1.716952818725066
1.73194323440188
1.453316881849184
1.420976990767054
1.579017834810098
1.382842901285571
1.6659307823599
1.515745211246702
1.453581759065799
1.44519673154731
1.382528359377149
1.418617925132878
1.524113685629263
1.48033438793854
1.421415693394814
1.415869819697799
1.380318286108858
1.438649288767187
1.366693645182907
1.422475203970812
1.460187147068711
1.32109331868717
1.420894212965242
1.321093324126605
1.351463189997112
1.379126337235377
1.35234059634052
1.257224724572344
1.41243468988546
1.232905657050485
1.261032336853521
1.3680925321113
1.215216797988388
1.316698012811058
1.233038091928893
1.118387502822833
1.169310208561085
1.29051651973495
1.270120948412523
1.229462245619277
1.257464768588287
1.147308818161027
1.233692010345123
1.21977765931271
1.257406826473747
1.277504410266979
1.163780892662371
1.072431247615835
1.123055969865615
1.072224312513759
0.8342649446840036
0.6748169369114838
0.6505061447919952
0.5100134406717577
0.4797346264513088
0.5174134551959042
0.4655719532031579
0.3668554017692804
0.4342087973818132
0.4499276229954257
0.4223969129667557
0.4344240099066209
0.4747516170338667
0.4519804239884992
0.3974239288936161
0.4163378396819752
0.361301250338708
0.3127872722844283
0.3739408760945412
0.348703012939837
0.3091038193238765
0.345714863644228
0.2633048368583328
0.2936995353078617
0.2193765509978603
0.2059671243062544
0.2359396746626629
0.2442253754395492
0.156567462796659
0.1224230913830684
0.253868575875753