0.4164892340149137
0.4142085037085314
0.3504411537916476
0.3360120460175086
0.4160237798134342
0.3876775631002614
0.3436920547614927
0.3518607915531178
0.3447160559273573
0.4274972476403494
0.3644978981609074
0.4107175895506922
0.4240296066732366
0.4435787218060471
0.3505342443697694
0.4181066912758178
0.3807888262366183
0.4286841576456448
0.5055191636107106
0.38600192439189
0.4068543141727574
0.4131612306628106
0.4299874336045721
0.4724253027252673
0.4955933293214311
0.4492921826380175
0.4736936667133213
0.4951046025846604
0.53969520252144
0.559093043880834
0.5912559917752725
0.9432796921678211
0.7853042297479179
0.6182174805130648
0.7066539522659951
0.6723382739924291
0.636998593679085
0.5881956255284773
0.68831502120312
0.6737230024047663
0.622313485176523
0.6866742914069247
0.6901535678770088
0.6784939164905877
0.7006030338826242
0.8045275274203452
0.879977796452417
0.8603937737183007
0.8740665193981882
1.005231769256978
0.9448156998155343
0.904437463723015
0.9433378753631155
1.023256516177657
1.034985990413433
1.057164922134168
1.064239839717098
1.134267566078455
1.230418951336456
1.096565698417272
1.119291542910291
1.230477134968708
1.129322103062186
1.413703538287377
1.25330770816456
1.356371102821496
1.363318023754347
1.414739174082299
1.369368936675758
1.388022049259088
1.551757521732634
1.487361806590056
1.425642458349466
1.45995814230347
1.574483369721307
1.572481908090593
1.573377908673768
1.568711725257085
1.43509120358973
1.619760506062764
1.66566602445275
1.569177176181389
1.644161998658724
1.57752045818933
1.64835109586661
1.721613729976945
1.674370028682161
1.774582514934926
1.745177387488277
1.513753104558314
1.193601448973956
1.061924197002886
1.150884310303679
0.9337844049156719
0.7506394551428044
0.6125272902500802
0.4923002353184609
0.4397038078664438
0.4129517758788838
0.3385022315447745
0.3521167920630623
0.3088643763419511
0.2585603146992876
0.2927712655808903
0.2458999346822932
0.2498563045709605
0.2449224801163599
0.2810417950592468
0.2209399049534746
0.2764803364127875
0.2305864620464292
0.2061500688404709
0.2511595781266258
0.3299145838744255
0.2387319265212414
0.2661006877945673
0.3012890952084088
0.2852308931410457
0.2641457760409601
0.2640526854628382
0.2751305169126262
0.5584064963337592