0.06433059803249924
0.0603459824878539
0.06100717062237069
0.0626193647993642
0.06505448376596094
0.06026108135152111
0.06399817516260599
0.06154162476516938
0.05880856415854201
0.06645152351375656
0.061481282127506
0.06348149921737106
0.06557126278228707
0.06134541815491925
0.06388320819680551
0.06132519971934185
0.06528636989567338
0.06104822339151158
0.06552681942228827
0.06256784105577487
0.06397562094410683
0.06808273793907685
0.06472602299008536
0.06285905373092436
0.06924652849726649
0.06740583161270662
0.06522468912428996
0.06485696308220994
0.06650077066232855
0.06507470498724413
0.06865078444060467
0.06878656148768383
0.04873274119831086
0.0434267784363555
0.04061989230420257
0.03814035158815881
0.03172634580056897
0.03231914818840071
0.02836784592402316
0.02690993404760693
0.02615789986147599
0.02054191256204073
0.02362317337686989
0.02042118502316905
0.02191390057368692
0.02132213648388767
0.0186753899372992
0.01835431858906459
0.01999109589757857
0.02325514909680294
0.01866716235590894
0.01811370391111694
0.01768743859017251
0.01582957936463395
0.01631080934491978
0.01719975900331126
0.01967252388577764
0.01737503247321267
0.01749543599822931
0.01738223834906608
0.01685181096844538
0.01846308880640225
0.01917804277678392
0.01719708185354417
0.01940871883558664
0.01802756240944629
0.01802152998410397
0.02059103034342416
0.01917496051379554
0.02204740877159028
0.02373992493679172
0.0179091223680412
0.0202195487463673
0.02026724241723879
0.02182695852801816
0.0239023278098041
0.02127884768812811
0.0229084824592487
0.02134757258601494
0.02106554503236906
0.02553398240871889
0.0225766805907982
0.02389298122710313
0.02301542629479774
0.02534815113668869
0.02768334059066067
0.0272515182834701
0.02804529952911327
0.02924734998791691
0.02552264969239458
0.02388563607467168
0.03103377093409588
0.04162193328599664
0.05358739038990137
0.04607698381223631
0.04437665853385437
0.03974227322695395
0.04121087293426694
0.04131950036874091
0.04772004073114097
0.04796411631952251
0.04178907693259121
0.04966587756595719
0.04855237642022237
0.04610566404276836
0.05097672837329932
0.04706470921549921
0.05282812748439977
0.0543575111616185
0.05355827946138365
0.04975282097103873
0.05387699228835249
0.05212780181227872
0.05387057129648167
0.05137028164117841
0.05704027782707083
0.04901993182870049
0.05452886483134258
0.05091138386560523
0.05372168147962974
0.05385564693028413
0.1016008192487269