0.04644430869916952
0.042602775565902
0.03863222031407757
0.03935627432262655
0.04267105225854399
0.04015143709486392
0.04118612614523336
0.03759552403737317
0.03763011723591993
0.04169677148371411
0.04027523809926809
0.0426446154433574
0.04574717089545618
0.03875204536288233
0.03733160152392045
0.04052227879384872
0.04016315345355673
0.04315409691917928
0.04696399353287557
0.04166938364973979
0.041504753004255
0.04112028406443899
0.04293238291903496
0.04314602736394934
0.04374320678127005
0.04319585289147079
0.04639126676034977
0.04581358134693352
0.0482850318743644
0.04459775129736278
0.05063579474072075
0.07245468250338144
0.06284107005832019
0.04611706021244393
0.05625570189780681
0.0518451860242163
0.05491387362652951
0.0518412144568929
0.0521403431625209
0.05506685475587178
0.05312253358868013
0.05785749934526758
0.05485771722853679
0.06908083709310051
0.06169384285465726
0.06908451935456573
0.06676906008079589
0.06704801942200028
0.06831428422372103
0.07573833684121824
0.06759488380933514
0.0680518128184895
0.07350322167709995
0.07719013261701901
0.07455219078803843
0.08080772171996496
0.07917452831184268
0.07858713724234068
0.08381516531009015
0.07081888122443636
0.08134651030808367
0.08381336220538838
0.07152059333275741
0.08859723348421107
0.08050367394445747
0.08896613533878708
0.0881511371810348
0.08559588360738418
0.0820328941121827
0.08934174044163977
0.09587685936205903
0.08701120420460733
0.09991153521900144
0.08417845949956226
0.09378003413939281
0.1053918817301002
0.09907055264721272
0.0973493841139097
0.08856470176660461
0.09523014876730598
0.1003016538703934
0.1073289469904124
0.1080705545000281
0.09642489910296086
0.0903113462377306
0.1016491309077244
0.1123217566001862
0.1056964252807926
0.1073351252112405
0.1005431440405433
0.09096427011428301
0.08406185732627366
0.08895052873553215
0.08508027182125595
0.08427811375501745
0.06058159993793664
0.05642779142702557
0.05781560815359871
0.05006405752611278
0.04821511213297638
0.04324247994713207
0.04491185036030102
0.03658777365065075
0.04204668127757322
0.03386025710025595
0.03866468505772206
0.0347539372230188
0.04748327796869957
0.03352229621786372
0.03597427658126451
0.02987887248340398
0.03141605720018153
0.032609647336309
0.04098302903337997
0.03209754444344669
0.03398185001513911
0.04145574784971183
0.03618864020516499
0.03629186537703832
0.03321674302408843
0.03375540748880544
0.0703727388031387