0.1060249544837068
0.1093435200031387
0.1094659978005196
0.09308313268924596
0.1072905581709692
0.1109415635356531
0.1041178003197071
0.1308004650726157
0.1173104093279735
0.1179461281856671
0.1176370168971597
0.1125746011625768
0.09389381950040131
0.1057741669413902
0.09314145588791832
0.1131811577639121
0.110597459357277
0.1030038354816434
0.09405712312073887
0.08726252106611435
0.09773728986575154
0.1434623371779053
0.123434299854043
0.09971443134254029
0.1558267637513596
0.1532139034168772
0.1497262026580641
0.1546836375329671
0.2489915481960225
0.3246478400007793
0.6509520469517527
1.593996155764773
1.522544942011664
1.38196957940574
1.464058870835
1.280808743817899
1.312443012921704
1.304581105551585
1.18616256147154
1.292496626148717
1.306849862145707
1.376633048448126
1.339318142456271
1.249699386458745
1.260932348847353
1.230971946807051
1.285282105692543
1.373652756035544
1.34463718140385
1.366700683074663
1.371244024596838
1.365691701067345
1.403939768711137
1.407999030224817
1.487189685048549
1.389522379648491
1.367348064403918
1.26760446992899
1.455357117682479
1.408512275555773
1.48014429698466
1.471185918867083
1.362209827766436
1.32974154712736
1.441680428775221
1.467394938767317
1.398002511238179
1.470526871233637
1.33735266750268
1.350656090522722
1.419278653888054
1.473198051810192
1.486326506110247
1.45160696548624
1.491429749419845
1.34340656655482
1.394893908095129
1.466059344810666
1.408203165471806
1.548871840005132
1.527677343854496
1.50491396839877
1.46975117490327
1.447425221357017
1.514012320046888
1.501507920271404
1.381392185170267
1.393220047163834
1.389860651112786
1.341336117421275
1.21061729830038
0.8651657324201331
0.5781302406579328
0.4259311536050088
0.3430311759121121
0.3295586164481487
0.2220347661395122
0.2166107502743854
0.1904004988972702
0.2022108594634848
0.1594427752406415
0.1429141031182202
0.1322235415276979
0.102140658623911
0.1216204624356066
0.1033071140560703
0.107203074687005
0.08879057783335809
0.0885631187382824
0.07146288421843877
0.1089235963454114
0.1009975320770074
0.0629710893906635
0.1240991796540507
0.08591526540442761
0.06430084866216772
0.08981122614486599
0.08138358635381406
0.06638297121764385
0.06523984510875498
0.06719948986685016
0.139502220524714