1.17022300163882
1.093419868963164
1.14454461480807
1.179581696483213
1.187664197260394
1.113684142019019
1.155798245843227
1.162256513421484
1.046742433751463
1.190139223738069
1.130235871468594
1.183912988955309
1.180471154875677
1.176565258628048
1.195321308347918
1.184531745704386
1.106761801277689
1.156262314753487
1.175366415741144
1.144312579938031
1.189288434504677
1.316984283030375
1.200000656962976
1.166897189765656
1.244164391870209
1.262843102338391
1.233529517999039
1.205298756933301
1.220264925558564
1.207232369336582
1.251357431350566
1.107225866557501
0.6807093659622612
0.5238546218695718
0.4509960582310659
0.3951146220299629
0.2971964244718809
0.313709483932567
0.3049308797899941
0.2625847391249321
0.2671867405013139
0.1837319726693453
0.2038028827111382
0.1971125797442067
0.1961457728683402
0.2008637899163803
0.1727877195938191
0.1643958360855596
0.1762682238697937
0.2044216390453074
0.1663681217969968
0.1717435682799086
0.1645891972325332
0.1462585395880454
0.1419272451451339
0.1432034297731765
0.1438608588968669
0.1475347245272693
0.1473026909019559
0.1383307236415941
0.1314470589053262
0.1548437843470057
0.1765389302846284
0.1411151269379012
0.1725943583431184
0.1484241868613647
0.1519046913447935
0.1609153317058579
0.1559652804101416
0.1734064759279883
0.1859362925247315
0.1495456829245006
0.162810272979251
0.1654399875031972
0.2000903447061231
0.2033774876276698
0.1735611648040764
0.1923172173245784
0.1896101589849509
0.1773123754948856
0.2545022333688488
0.211924060530653
0.2385692571416292
0.218653035664743
0.241276316622255
0.2720207736359209
0.2814568089767265
0.2905061206751324
0.3468902965014749
0.2766227738713042
0.2336578787391612
0.3987884880752739
0.5842220405598573
0.6756432954681644
0.6403741820347966
0.6388272920291905
0.5424559844767145
0.5453564054154953
0.5969838921303664
0.6632294958915322
0.6726655277056158
0.635617491989781
0.7736775086979049
0.7348505455132471
0.7355079760891172
0.7324915362631372
0.8266198527266128
0.8275093149569809
0.9055112898971783
0.8422434506830204
0.8921693578938347
0.8953018133914731
0.8596073032150028
0.8874513370078911
0.9014893716505361
0.9434874655080772
0.8408125785273423
0.8399231164007013
0.8438676878235756
0.9409350931401784
0.9495976838930894
1.884499889601774