0.2724258409500218
0.3083097446991656
0.3056076448802383
0.3357630942649662
0.3411132528979141
0.3135518205975398
0.3968305798588942
0.3446800279290153
0.3323044039977667
0.3504084809888632
0.3364656392148194
0.3238738469153834
0.3745652662012249
0.324035974568568
0.2991766444063531
0.3019327855200913
0.3665130049952617
0.3181453925509675
0.3077693237786969
0.3057697699242869
0.3030136269261726
0.3143084088715319
0.378996712530796
0.338681362452081
0.3190641057240562
0.3164700906690306
0.3755380225535005
0.4136916925741408
0.3922910505048453
0.5602536602318288
0.7877705807441798
1.272527531953051
2.049705862945949
2.109692513366731
2.216965932651447
2.515602141642131
2.306459521844219
2.071268632378525
2.04603101503701
2.127580427207913
2.217776561060634
2.346558698916283
2.380497087351739
2.068188236828129
2.22512627485256
2.18751302589734
2.256038316280032
2.390873157428578
2.383037069809074
2.256362568687361
2.218911445935806
2.229557720167467
2.256740852967621
2.483176930334467
2.451292135163855
2.331913310887817
2.351314390115679
2.356772639890417
2.37006698757625
2.492093869216788
2.585640600310543
2.420542225593176
2.339965571079117
2.368824014023472
2.373039291839903
2.530571779178886
2.626388291474193
2.459074192794804
2.381361762708865
2.456101885052302
2.489932184520249
2.48560882150506
2.681673288801446
2.39227825356122
2.377470727877883
2.476583806990813
2.350719943555216
2.635305226587762
2.586397200760503
2.433134017892612
2.369094221947046
2.457669101880434
2.377254564438063
2.507874142555282
2.48863517764502
2.485554782964337
2.313701144784259
2.417407790487394
2.377957109822773
2.421839236816965
2.435836125683899
2.125742986076631
1.541818929969883
1.440057798855676
1.392662946242505
1.318463249458
1.367641485817969
1.221457817225645
1.17103661253117
1.128937871168153
1.151743608065523
1.168604719766105
1.171306817410753
1.093756515267902
1.139476068753224
1.086731052868641
1.13201826613874
1.074301389237054
1.086514886964638
1.009018624377174
0.9950217401487037
0.9533553359569171
0.8761292868012037
0.8746701545920224
0.7734494429487639
0.8263025434522961
0.8514320840022694
0.6970340230719497
0.6670947400260813
0.4989700026459133
0.3234955533581954
0.3647836606588979