0.7787027022920293
0.8076224726308543
0.8793966317102545
1.051827193791993
0.8736937174173159
0.8822856058955564
1.02685444154472
0.8955523809911305
0.9280814923972727
1.05807038445339
0.9638972817180312
0.9894178186621622
0.9551253081110779
1.01250711426928
0.9252900657624099
1.036924583889614
0.8943967893487568
0.8819404274132393
0.9607606806859049
0.9680394028948847
0.9135915948965839
0.989215215418569
0.9033413594385545
0.913479037002611
0.9746802898582269
0.8697842196140705
0.9231889918214435
0.8680058106826474
0.872943327620022
0.8903447215059465
0.9651804384412795
0.9069056778310616
0.9672665029671333
0.9408004902233588
0.9676942266407785
1.030606352465918
1.068560741029424
1.033915547566993
1.015643709916563
1.046274357867018
1.044248325059719
0.9616836574961464
1.153834298020954
1.006271429522387
1.06372827440036
0.9223935903047105
0.9938000581717565
1.007824724337022
1.009295468204118
1.076980039709454
1.006128854840715
0.8932637154498947
1.041186760333468
0.9993528929826255
0.9338969636557629
1.098853713812486
1.011486593250916
0.9577141279743467
0.9819214865797405
1.011013856558042
0.9525289821476208
0.853065683091541
0.5409512757512268
0.5230096125528448
0.50055064014928
0.4175057299783297
0.3936960686033017
0.4163426357637685
0.3084075099953981
0.3461968109615124
0.3086251224684196
0.2982923444186416
0.2227812780769443
0.2665286214552193
0.2543649077415466
0.2037140407666239
0.2109177186853046
0.199646963508701
0.2272310492777007
0.1746892171485402
0.2235916932795278
0.2145270610524115
0.2488495913621421
0.1946644175832517
0.2571188139024182
0.179986921611976
0.2076010249114111
0.2347423881756554
0.2358829689174426
0.15974908677217
0.2515059468159423
0.1668852300287407
0.1574078894849878
0.199909596056953
0.2035939778865684
0.2211679537719655
0.1820654822658527
0.2407154372176649
0.1994968856977896
0.1987840210165933
0.3249609618914833
0.2991702909410185
0.2703705821824594
0.2051697833887142
0.2337143612427875
0.2392221743072676
0.3669599131260334
0.2635796140658893
0.2053723879320971
0.3003784078303899
0.3398110478466545
0.2629492910480202
0.3308214565675207
0.3508867056941689
0.3920302162660617
0.3946640632605627
0.2437469832993742
0.3377925170544895
0.4269605563065716
0.3864698773975313
0.4190064928613348
0.6121326283873799
0.9871516656652789
1.318558424989754
1.247962365083605
1.322302838166555
1.20831210999474
1.13485709714741
1.176690966169411
1.138443928269954
1.095364425412591
1.014450607084411
0.9976495244421321
1.018292568925756
1.072020002614672
0.9972968424592062
0.9901456933155238
1.016446626632013
1.087725527561342
0.9483418397814314
0.9253425963942506
0.9347749120349824
1.037232238741307
0.9801655911210913
0.8862926527347149
0.9102448839636236
0.9342046209213518
0.8720503783671656
0.8210693354547209
0.9383167238250328
0.9364182527562911
0.7337922626566664
0.8360469902044516
0.7448904339769548
0.8961826993668933
0.8275076267875243
0.8043207828872301
0.7822745265990403
0.8719078003431777
0.8873506908847536
0.7911515629551492
0.8008240013850441
0.8566374995998133
0.8275301371036661
0.9183040036590672
0.7993907685220427
0.7990155778941336
0.971333583753057
0.84069185929135
0.9322311124326284
0.8149011888979381
0.9713185773088925
0.8107815901067027
0.7836402260997214
0.8210318194371518
0.9849605430323758
0.8026849491945308
0.9448150405631258
0.8308618421495146
0.9433367878105782
0.9176286546240714
0.9785522692300077
0.8952897449148778
