0.04610816688067035
0.0576371102416986
0.05291092816340297
0.05501539759267318
0.05002552301295494
0.0434484217476688
0.0372922145015315
0.06218580709327209
0.04996467079104561
0.04441444921140608
0.04636171764660823
0.04921669659089101
0.04178513018935919
0.04594843009569143
0.046445389320819
0.04159496724582033
0.03827599069264374
0.05720607462988088
0.05740384385123064
0.04839519311848441
0.05664572748714372
0.04262691818005161
0.04811375208010799
0.04502550626930438
0.04441698481189577
0.03791848435307804
0.04334193052594599
0.04196008005361809
0.04807571931050012
0.04742409435855715
0.04929783275982267
0.04828870156352458
0.05320758232866463
0.0429159655438442
0.05000523878030087
0.05510160481976836
0.05708944114901517
0.04830137932794659
0.05936886063296545
0.06324818394803687
0.06416857250717126
0.05211731496343487
0.06474413220553021
0.05739623747820917
0.04360055215962624
0.0528957150365177
0.05426995913582413
0.05416600346698573
0.06484555255951066
0.05452604507380411
0.05737848903646595
0.05714015120699218
0.0694652433684782
0.0576472525008415
0.06187140429584604
0.06524362674551575
0.08885678964735647
0.1075941748025386
0.1461439998273003
0.2003150743048442
0.3707872496655113
1.160617483564427
1.314946095575235
1.147032248897223
1.171649470271013
1.103946402024203
1.008626611562622
0.9944252462562763
0.9813775359471378
1.046633840504681
1.125528628053791
1.116033159593375
1.110449976349897
1.034083086231116
1.070089799841768
1.014975519447421
1.093380954144425
1.153038862236393
1.118216228877008
1.100236960276334
1.057894020115702
1.146322307609492
1.081322089799219
1.130706130690637
1.122265432473939
1.136900370611172
1.078175527843049
1.047868630528293
1.106124406057518
1.169030294983873
1.132955120683657
1.125422135165883
1.070305320456389
1.112688826559249
1.127006826774619
1.177973022008099
1.14962353719669
1.174184978073208
1.105668012441381
1.094199921445078
1.11118020239394
1.179040470635107
1.226558378355754
1.143467329046052
1.165500871635346
1.093114727042223
1.158434417898796
1.144730012769684
1.221720632521808
1.18718958541147
1.146968862693404
1.148748786875684
1.09472223781763
1.195627749598654
1.198340738771542
1.175812772224373
1.096370315201737
1.095584308803238
1.08337077911206
1.121466747358912
1.161028241941568
1.020482635199867
0.8716915673375131
0.6629510092281982
0.5652199504850727
0.4785183418959379
0.4069739843890071
0.3694738577405089
0.3347602526314949
0.2755967678785324
0.3117885729461124
0.2603000635299244
0.2528000381050141
0.2209794435673638
0.2004849538250189
0.1871380522743652
0.1578377512218921
0.1667804791506184
0.1459639793809307
0.1427920615626793
0.1313645383176051
0.1180784897981506
0.119404559487575
0.1101170022220204
0.099901451357258
0.1016534854099155
0.107203706989555
0.07997237834004979
0.08714785847036462
0.08751043601090971
0.06606005982623288
0.08032988463201021
0.0582963417570842
0.07708697261833831
0.05133891489035206
0.05955902348129373
0.05847129190697482
0.0548987644450445
0.06886939977070218
0.05338506774580792
0.05683081956294022
0.04561374344645362
0.05899360580405123
0.0592192658214977
0.05104479613515892
0.04778667180389166
0.06006105362176896
0.05349663007329954
0.04096109092604173
0.03636929053232858
0.04733028075844049
0.05258131257232867
0.05048191420122197
0.05124256554692984
0.05663558575165899
0.05012440767123512
0.04518524291146743
0.04530441175479638
0.03421664626472875
0.02859035957432107
0.04345856381639054
0.04433838419584851
0.04817206851110648
