0.03363784449866394
0.03106501838052183
0.03249979231483702
0.02951713837289713
0.02429632254281483
0.07689812593897838
0.07164037873772458
0.0214509983227951
0.02993235173234407
0.0795755341916284
0.03878305148224123
0.04154493583620427
0.04772343068511264
0.02993523055316752
0.09459589631314819
0.08067699901569504
0.08270421016181645
0.03459267068543664
0.0545942714408363
0.03240808375735879
0.04596889059114358
0.02628263519533439
0.04948849504496116
0.009529042355518587
0.02464472334640345
0.03159148294225827
0.04038378627826561
0.0647305038961845
0.02678557468648009
0.03776994543319164
0.02218255320790714
0.03516448608143213
0.06433443035081805
0.03503834088268634
0.05130475599959765
0.03650461272558583
0.04031401982769137
0.04487278008598283
0.04170767486199915
0.07867019016850139
0.07092021875212165
0.04598414150933232
0.07264814145311863
0.04619920508428087
0.02058428824671833
0.06387538898023024
0.0571854261143441
0.02950220861672909
0.03159762131678206
0.004937219398259357
0.1211923814176059
0.07274775427730366
0.1012923924854217
0.01983852082546378
0.08506336607221043
0.1203033595733545
0.03964924694763252
0.03752107895041535
0.04077497075185817
0.08144508987943194
0.08590342757352168
0.1285434766433982
0.09428455015306778
0.1473137978611826
0.1362699441976174
0.09242703711216138
0.1013658898502477
0.1203864255915388
0.08322643463041569
0.1147994639633837
0.1001844876721745
0.09815522700555902
0.1793165913231995
0.1141385497314347
0.1335413509895589
0.1887487790308333
0.1392282258068319
0.2179958078109615
0.1168368347145238
0.101350676720542
0.1400989168890828
0.1229764050800887
0.1424695397906855
0.1273209499719885
0.1458948926228278
0.1022069875632547
0.1440074340210875
0.1400434281515124
0.1331543391908908
0.1445772104937684
0.120916922142025
0.1195584188133931
0.1231575492536354
0.1369022638549188
0.1098962043076699
0.1106529334548434
0.117643475601992
0.1424600686240794
0.1270646582831401
0.1147683597370098
0.1160951619080967
0.1168333655703422
0.1379318979048862
0.1078684539180242
0.1124936843204082
0.1346910703866109
0.1463172030453821
0.1670262011588433
0.1276922084302547
0.1359337143515646
0.1125999865654166
0.1344464756389512
0.1648740502052664
0.1522730197380177
0.1689001149444498
0.1442541440103728
0.1294994129922605
0.1446416696038819
0.1329177982212044
0.1821429566335485
0.1468708586568478
0.17170454711173
0.1356690922037689
0.08748904715154991
0.08451312175533152
0.1133408271107052
0.0963132819168766
0.07179779665040679
0.1096392579993206
0.1079916817801597
0.08650426501704765
0.1312589557231603
0.07482499068971031
0.0584239432406866
0.05831420132962423
0.0674607941148759
0.09214850316941138
0.05251502532182797
0.08286425015328998
0.04902938132327209
0.06571835669834941
0.06812695285363751
0.08812451210223121
0.07185863815661098
0.08219648273716106
0.04655178770181379
0.06130004594448386
0.06455119882789809
0.08575831186598268
0.06414851534363594
0.09423605264758879
0.04118525573901614
0.04420596552256148
0.03989153597354352
0.07896380714764732
0.05291102276859221
0.05117225686651216
0.05076908135075826
0.05813558269306566
0.04389866463579761
0.04762207877739362
0.06580378472217424
0.100104337965981
0.04915011925063004
0.03984342868646671
0.07378632639836238
0.03118577674094641
0.02895131198759955
0.04168648574616525
0.07327852913221021
0.05019611980155982
0.01905808471103717
0.03199530454264952
0.1024766315498952
0.08230638569614498
0.02789143332043974
0.04329477907807113
0.03928602320416416
0.02312415849592793
0.0245233767622737
0.05105731911083417
0.03129266209007748
0.03671300514679302
