0.09010322572516531
0.09137977664802542
0.09451796490405261
0.0937733097710538
0.06925289255845998
0.06904013392865094
0.09276270695712288
0.04643454310034728
0.06377436108652162
0.0885607268360417
0.06914651317222262
0.0563810030876274
0.06116806961901557
0.07372082135913312
0.07547607887806576
0.05026419629692467
0.04824299052639715
0.07212513213489523
0.0698379785407699
0.09372012057726505
0.06595513586507236
0.09467753334141304
0.08494383226927335
0.08127374779538778
0.08249710895379636
0.07372082121646743
0.06760401414043332
0.06755082437598178
0.06962521976829515
0.08132693741717362
0.09451796461872122
0.07643349178487946
0.07398676918273094
0.06824229002986044
0.05733841613710679
0.06611470487309555
0.07717814706054396
0.06430625744704568
0.08632676186504237
0.07308254532704031
0.06127444871992155
0.05228540235278359
0.08292262621341444
0.05680652034724549
0.06404030891011943
0.1084536465252706
0.09430520598891218
0.08887986413875965
0.05138117821176158
0.1041984764970722
0.07914616306661995
0.07547607845006869
0.08324176408679515
0.05834901923636909
0.08047590375393159
0.08058228242684051
0.0952094298446028
0.1068047682499096
0.146271470468315
0.1642495633452567
0.3101487071743993
0.7218364089005848
1.307135046265009
1.591061265761685
1.707333787402802
1.905837471458109
1.759140484871502
1.872487576030406
2.005993529423507
1.918337031008458
1.988547337044395
1.917964699518653
1.981685877118013
1.90413540099298
1.989930268209487
2.020088780908743
1.852647844964303
2.027056628067975
1.825148806506386
1.874189642928893
1.888444461282166
2.01593999197877
1.658346144454054
2.005036120226002
1.853977585794281
1.872487574889081
1.92801754516946
1.763767982394866
1.884827565574073
1.84679698428521
1.88956144462366
1.833818716712132
1.983015617234662
1.805628213598995
1.753715135317401
1.87637041385547
1.924507029846264
1.939346935180507
1.811532263329212
1.786267188700968
1.715312225534713
1.894827213613816
1.910145830537431
1.865466546668004
1.817117175899375
1.796958306531895
1.676696559975529
1.754034275330768
1.862221975601763
1.800947529164493
1.917805130938626
1.745311180639201
1.684089918973083
1.767278493010095
1.836159058929383
1.809245110876412
1.794724344984872
1.651697439590839
1.652548472826084
1.673026474074987
1.732332909214149
1.469150641215289
1.051771651812673
0.8557678832626117
0.7420484644658746
0.6193399964486858
0.5859901020196429
0.5089183354866618
0.4800363682889694
0.466207065055329
0.4579094849127324
0.4079644256331943
0.3747740992135148
0.3727528951549756
0.3791356499119418
0.3181803387800696
0.3007341398383352
0.2975959544356219
0.2779689818566624
0.2392469346285901
0.2467466725843844
0.2209497045915962
0.2279707353806552
0.2547783053313802
0.2256303918794127
0.2029184209515432
0.1745151614912489
0.1909507557643983
0.1908975652866183
0.1527606041835216
0.1688238713895015
0.1191447610748867
0.1514308644948698
0.1371760438589456
0.1337719079219862
0.133505959813057
0.1255275159745186
0.1331336321752248
0.1229212245070126
0.09233719012550187
0.1180277790173841
0.09228399993305328
0.08957132907930986
0.1162725210704544
0.08983727733090473
0.08058228271217188
0.09419882674534051
0.0974433936742766
0.07866745618521603
0.04239213155929222
0.06478496390045253
0.08398641879179689
0.0888266748023052
0.06654022170471656
0.0561150551213639
0.07728452587611856
0.06271056822280778
0.05451936589712601
0.06292332699528252
0.07653987102845114
0.06239143049209276
0.06494453248047867
0.07169961530327422
