0.007029000118371368
0.008363341765323338
0.008328379695336806
0.007635017441603367
0.007787774512794479
0.006385134075554607
0.005872180088019874
0.00884887261472735
0.00791844755897159
0.006789371577751095
0.007744694067061726
0.008627717436024761
0.006965484397043644
0.008397187847315626
0.007322658628064183
0.006888343626234585
0.006777555725688023
0.008204581134010984
0.008287277392835394
0.008477683003166744
0.008669053369067202
0.007022961600433622
0.007600387530359628
0.007300187777622265
0.007145741441254858
0.006081023320922156
0.006953133821873841
0.007664246338859482
0.007508734781624199
0.007586691075005414
0.007518632201161573
0.006743900256967842
0.007896266323100892
0.006873280567459917
0.007789275899430567
0.008181233135170012
0.008367122225478843
0.007358518225858324
0.008337114624928406
0.009362613965844058
0.008698209492194124
0.00708976949384432
0.009178393048649243
0.00820192658502019
0.0070961999022434
0.00759678839981855
0.007761630427759248
0.007608852697237858
0.008435111062989678
0.00758265306164629
0.008313814479731787
0.009335487799918132
0.009598403078297098
0.008578683490575051
0.009027162191020139
0.008541748794544054
0.01048806181630291
0.009884268784322818
0.01322070070164302
0.01460288074373773
0.02226584962154403
0.065721596558076
0.06243259909337354
0.0508999009574819
0.05002905968482061
0.04623065767469112
0.04386316086243315
0.04266081221407506
0.04083372659684027
0.04275103051703214
0.04516324808633543
0.04451133214890782
0.04546103019430736
0.04267467946385195
0.04323501137505851
0.0430349511127025
0.04377567255044843
0.04795419986782005
0.04660355619178938
0.04531125665323048
0.04224013011870809
0.04659218554299759
0.04340108677768937
0.04497123174654152
0.04385487589596231
0.04612081374833037
0.04402063667794889
0.04259250637188388
0.04528963149599803
0.0449596819366949
0.04602203195672189
0.04569938523249367
0.04292222378411147
0.04392192063134186
0.04597019233500953
0.04574690391988068
0.04597994068492697
0.04702158529371221
0.04428203705643997
0.04523639641042699
0.04517968080028312
0.0459352997856541
0.04721064985406272
0.04492228265695671
0.04414065771925051
0.04305058775275256
0.04623164785532026
0.04577053110048606
0.04739412796620041
0.04666291433763366
0.04516963546138136
0.04542348561036447
0.04236249549281346
0.04690553813454969
0.04705724642854302
0.04662947406428765
0.04241912193170012
0.04271592017698471
0.04561052480227703
0.04496402363900617
0.04623409385197843
0.04567778759400968
0.04730515057363435
0.03687423915175429
0.03262833184718143
0.02878460947183795
0.02794840096676199
0.0256211629462944
0.02737849199484448
0.02218268799300262
0.02350450601970072
0.02047297024002736
0.02069438992522492
0.02026665673895078
0.01848224510489039
0.01817811994870692
0.01706121167208796
0.01678443250856296
0.01621436787761412
0.01504135923678375
0.01497970395419124
0.01381355312525433
0.01282232032141148
0.01340429252211198
0.01214097766433541
0.01239488900743781
0.01369099573264856
0.01055125445001287
0.01178566077134159
0.01154490992574959
0.01029234172678044
0.01182767656211794
0.009310671646764595
0.01089425446457254
0.00756002415287186
0.009662087656389803
0.008487257814566645
0.009042887582638654
0.01055313619896892
0.007805986429212798
0.009475983002809361
0.006823923402960486
0.009422452516573421
0.008455789703245599
0.007635093924512499
0.007681374832728976
0.00850326421596026
0.008088636302326568
0.007436384769718319
0.005815335496362773
0.007776554795458103
0.008112272942833242
0.007623174281524391
0.007742035328430647
0.007831056803545705
0.007745609583884294
0.008426604713973133
0.006809005794999171
0.005614485495309564
0.005632256684032322
0.006829664451456003
0.007328745212956255
0.007233391645728848
