0.01971181874840589
0.01929429777936321
0.01856233496581984
0.02013338308942781
0.01519621644773736
0.01730987450898258
0.01778395026990535
0.01308700276749751
0.01457832093845763
0.0170392494661942
0.01387663074303977
0.01294074760008556
0.01648424275372395
0.01658414292288662
0.01639040107484089
0.01168479736667723
0.01287857322139355
0.01548017141936073
0.01579910474491423
0.01801551350462016
0.01421395702582573
0.0196519423553158
0.01968574313870484
0.01683793097591941
0.02164712342007079
0.01663830348937086
0.01695887370190173
0.01467011558906669
0.01894955344456132
0.01787745061931896
0.02012955270611114
0.01791319722117223
0.01558739184080919
0.01522289434093789
0.01393554633516442
0.0153931588192674
0.01961539328328487
0.01413029827134095
0.01982680502736832
0.01633346224875232
0.01436569684583732
0.01445464156897987
0.0201678770139457
0.01346611951898287
0.01442991110614363
0.02083403031478974
0.01918079704809841
0.01779044583655599
0.01388312493367505
0.02005207284171096
0.01832997910343149
0.01590281493323078
0.01763840889715967
0.01477524937590723
0.0196688754443383
0.01573177102802723
0.0196846534051721
0.01894497436157616
0.02303542047744446
0.0238656042235037
0.03869857305653745
0.06098239669917526
0.08981063333268621
0.1031684285687169
0.1038834685005203
0.1101686364218637
0.09911807926505298
0.0929111444443495
0.1015769757620871
0.1000778546968406
0.1042906652991613
0.1019305394905197
0.09937465664873726
0.09946485657968013
0.09921409291841556
0.100696794418561
0.09667920121283874
0.1063649395964668
0.1018903465724593
0.09937063612753802
0.1024831616851529
0.1077998742292473
0.09676673292491998
0.1034490188268835
0.1016956060863289
0.1047125618980722
0.1017151456096182
0.1020049718008024
0.09898853113432156
0.1033801381904299
0.1002869241453258
0.1014219431800627
0.109059773579477
0.1042940235148208
0.1024101771119588
0.1048663744095147
0.1052167464096937
0.1059155271109493
0.0983531321990517
0.1054349523738844
0.1042408723495298
0.1094531221371956
0.1050120455720352
0.1047093799958508
0.1051851055531951
0.1091471768927799
0.1011804474658344
0.104455039386965
0.1100916677845994
0.1075166492868079
0.1071337168842976
0.1031211010105262
0.09696264424537748
0.1099220345164217
0.1105927156794012
0.1059146303929071
0.1043274439788564
0.09956612746856169
0.100767762800091
0.1079507691905828
0.1099770771518188
0.1035241588531597
0.09426324967555669
0.08230558693003276
0.07992970615525752
0.06924785096603311
0.07234777033199372
0.06854544554967516
0.06367270597736333
0.06295462174609516
0.05879440380916019
0.06317135544124124
0.0540549963017469
0.05260877481737295
0.05958496593617922
0.05021052391668767
0.0506117029057155
0.05005576211342953
0.04772371650821342
0.04553686933675373
0.04135967982634536
0.04142159788155702
0.04123933698246233
0.04215177459588404
0.04002324063238068
0.03791916443855138
0.03650755107863997
0.03512041766446228
0.03317713511473783
0.02885104625412156
0.03127108288092719
0.02400261195976759
0.03094253619678247
0.02599447412778725
0.02556925616024884
0.02505937614325574
0.0275816065421347
0.02781518754087993
0.02415875495897277
0.02218177801242067
0.02578205996051995
0.0191784676354764
0.02006631543909267
0.02544151095203745
0.02015830627526296
0.01829877085285332
0.01797550953623116
0.0195580990838477
0.01830016765302665
0.01203174795529545
0.0141477709567511
0.01865887980010147
0.02030184666189599
0.01547325056573716
0.01564270012606202
0.02169222216691687
0.01650952669557507
0.01389277411447497
0.01495011092323901
0.01755179223497413
0.01602206904223323
0.01673643234412738
0.01725902620895526
