0.05841966926190866
0.05585169819131153
0.05594724261686052
0.05791345036488155
0.0635757265623112
0.05493815735983161
0.05891918317930063
0.05600591042547611
0.06208891817043869
0.05724799053830328
0.05859902509889342
0.05087332041217333
0.0631684046278584
0.05408328433696729
0.06046801179092672
0.04695766706623673
0.05511416062831921
0.05455933150228065
0.05556506409639689
0.05785478249332229
0.05646184299807418
0.05438835667740495
0.05421738219871942
0.05452580713912607
0.04981730083271955
0.06475411017113622
0.06152067889629884
0.05082973846941461
0.05630930641872153
0.06349526765642893
0.06067753954845623
0.05683899257137657
0.06530055828506573
0.0603221805688712
0.05326696437264411
0.06226324496584672
0.05535553652769838
0.04863221227573122
0.05463308498792212
0.06819036390914965
0.06335614119370572
0.06771431696413911
0.07011131355605073
0.06719301232714248
0.05784975404971039
0.06912904787137225
0.06808811440955001
0.07304972988122359
0.06649402788563497
0.08309364853822158
0.07333971619844522
0.07296591884744982
0.08264777367111498
0.07987530350690307
0.08051394369818723
0.08802006314218917
0.09408966111671246
0.13079052929434
0.1611770712498708
0.2345017016454028
0.4363070280938595
1.389401497353717
1.500015349132823
1.238236497437262
1.071016649799415
1.038953886822219
0.9221883023820079
0.9138708933685482
0.9398841735304295
0.9802827847107636
0.9858126399915982
1.091580535380239
0.9488653665268245
0.9727548736030019
0.9711490546629385
0.9993447758450266
1.037111719891367
1.062194697354909
0.9763151703297409
0.9524457766188774
0.9825959711186408
0.9611990048396213
1.000536569759312
1.026073802346746
0.9823277747027562
0.9624746088435255
0.9574157730082445
0.9572615598299249
0.9861596175814121
1.011894645982305
0.9317612035132341
0.9370597402539906
0.8913927632463462
0.925943039773018
0.9355779596448216
0.9964382085429149
0.9366004541372687
0.9371049975997867
0.9482585741941435
0.9370178327701143
0.9509388519033388
0.948038990713848
0.9793105771407103
0.9125165058932708
0.9414866410664536
0.9083309805081096
0.9777500140043232
0.9673607934123231
0.9333402046748415
0.9268867518956061
0.8849476923919029
0.9084784886123785
0.9245802722612584
0.9438098827564912
0.9310018749788624
0.8559641480462454
0.817618906453781
0.8549098034606951
0.8146117652754096
0.8273728394544657
0.8097674849803614
0.6312867794689324
0.5286400087480029
0.396957729467675
0.3027540850819257
0.2531697794197227
0.2203946215381993
0.1950233339787401
0.1623588072698338
0.1482148508289434
0.1242331509515592
0.1254383538494881
0.1158352818992313
0.1019410821495263
0.09268666394744472
0.09117471207863938
0.08133026366251041
0.07621108345111877
0.06968387718624182
0.0670354473041779
0.06535754971501724
0.06789367292701121
0.06141675311245062
0.05987965811290258
0.05421235353480469
0.04482886607194205
0.0538016792836294
0.04598545870938772
0.05900131818060048
0.0461229086675595
0.06542292256621164
0.05503034946865812
0.04912669749773661
0.04894566597446811
0.05336921424990575
0.04733649333292152
0.06134132327961691
0.04927420519287171
0.04169433182262264
0.04886688338430624
0.0392185527664365
0.04530994174381098
0.04887694068066388
0.05566899003760428
0.05272554523734767
0.04617487187420195
0.043571699715596
0.04943847525841508
0.03903081604323001
0.04025110505879051
0.04294646935769479
0.04456569935854269
0.05396594884562345
0.05656073961445834
0.05139797783796998
0.04083778279875624
0.0510878767706739
0.04832211155462532
0.04080761068938048
0.04651179219913011
0.04594187704987551
0.04414329140087385
0.05287472877612568
