0.09976341554877954
0.05336773668954132
0.08720045215492948
0.07030619257087008
0.07431705993249876
0.08286915815204655
0.07835002475922261
0.08127806930367006
0.05471574248523887
0.07106858874679706
0.08678058090559933
0.09184112433993488
0.07968698209578838
0.08716730404337612
0.06885874435442303
0.1096082720734658
0.09836016527009667
0.148733565019905
0.1076636101127764
0.1230662240894563
0.07581975509267334
0.0668477867174586
0.06731185371722651
0.06382030002567746
0.05025185685638988
0.04090421571644074
0.06675939302925669
0.1003821724598561
0.03653977332858864
0.08675848234684096
0.06030664750195425
0.048086209034701
0.05416328125043746
0.05091481006473576
0.05386495262110999
0.05382075523017743
0.06576496335344577
0.04905854042516936
0.09875793686700524
0.04816355371693953
0.0523622574609354
0.04450626247519747
0.05869346146189838
0.08201836664742286
0.07017360149173561
0.06404128369935062
0.06341147942280551
0.06492522194844867
0.09295709663574848
0.09512274281694255
0.03971089983205183
0.04439576940798978
0.0656434212802747
0.09849275498215211
0.08819488128390882
0.1370434878616158
0.1641361768092584
0.1449105315799013
0.1685890139789756
0.1820911625656513
0.3526137930537582
0.9960430887860989
1.838966084456225
2.305607837001118
2.360224129136549
2.500096233066069
2.264990902548536
2.033078798186888
2.016637551128317
1.717369387729452
1.695370395249183
1.783985162000044
1.991091745162229
1.939812309971643
1.781709012908673
1.571022464868125
1.438188721827411
1.539797361564199
1.754837298065151
1.875483758679224
1.595750615684264
1.476076502318776
1.23583328559858
1.553421049763303
1.515301246708686
1.673227760769905
1.465126724144734
1.51262732711407
1.197260459628674
1.408433172954332
1.630931341866835
1.670564893462242
1.393748756122152
1.25874937100148
1.094281711162777
1.150190765157752
1.416974215879353
1.510295932719467
1.345121132124454
1.170156710738436
1.065896267190986
1.052836086225072
1.447204891421379
1.446740826608938
1.313056296985084
1.106115429226411
1.010152939809572
1.02888136719345
1.323674591309434
1.304404749782807
1.315906994113135
1.166145847204628
1.037842288750027
0.9651494627698846
1.168156810583325
1.196420720411003
1.208862129427971
0.9805299877573591
0.8297965061773948
0.8253878625707889
1.047687145821545
0.8585134307178882
0.5981716803454478
0.5068388220367082
0.3776734274461729
0.3866122449756763
0.4197267638433964
0.2815452021196348
0.2910917313820725
0.2462539927128258
0.2467291057109833
0.211371599534236
0.2112942537583342
0.2323761680804261
0.2492593770180274
0.2468948413472657
0.2570932739918385
0.1896930285003207
0.1433967898745055
0.1675945853968279
0.1140721598896412
0.1144146837225748
0.1757710067504043
0.1515069204732912
0.1588767507207503
0.1189338149280723
0.116282001821273
0.1315962226565825
0.09168643552228944
0.1096303717258873
0.1168123655909792
0.1020727040023979
0.1158952805974068
0.08944344465885687
0.08072560752203706
0.06874825265429435
0.1067575727580884
0.08890203243001886
0.09097928601667421
0.06868195752485083
0.07829477945598987
0.1200387398584173
0.04516921513671175
0.06256068901184501
0.08375309585431299
0.0556107291934687
0.05452790528262427
0.04806411074935843
0.06477053531812965
0.05830673914436901
0.09747622920832502
0.04439577104848459
0.05853877264425295
0.108083478081117
0.07915661941974535
0.08781920797234281
0.05173245263755868
0.08438290067768972
0.06622903062662946
0.07193042871055252
0.06561027453580034
0.06624007990600866
0.113608089062052
