0.007989384487262866
0.007038049693886734
0.007308136939387016
0.008275272633225993
0.007987751991123258
0.006981427053008417
0.007579440832121955
0.007647753912696438
0.008488016743866971
0.007058217768452914
0.008229660392485254
0.006793685728339965
0.007609177592369717
0.008232553943828363
0.009054315571465353
0.006937436964450332
0.007074831484115349
0.007418167781889683
0.007713137117839123
0.00830719501120874
0.008566302790710982
0.00706419039931049
0.007783564038169245
0.007384838329714002
0.006563680625103012
0.008616685796003125
0.008626278479950039
0.007034690532915232
0.008018429940088891
0.00888446157739621
0.008286786971384906
0.007365927926605798
0.008480178464350299
0.007932528970503285
0.007228549005257597
0.007688137385038006
0.007923757796854667
0.006870978923751875
0.007649105942251043
0.008920965574868345
0.008258312385408865
0.009047866174455193
0.008929500901436684
0.0086655829963121
0.007584537746622949
0.00763300581878186
0.008452311412487538
0.009124977500702267
0.007852498747987014
0.009531022284550604
0.008159030187665336
0.008952499659486567
0.01047526528329438
0.009571311888578031
0.00877459853474458
0.009181929464428825
0.009331359894782417
0.01152033683919992
0.01214785904823526
0.01405401364844834
0.02016013957145929
0.05416118145271845
0.05398150365203074
0.04327830506862063
0.0385723711318555
0.03759345821342928
0.03260136704070435
0.03155663551469945
0.03279216737281612
0.03331589807078189
0.03369183399237594
0.03698875892177456
0.03428125019770936
0.03309589053798428
0.03369354839455594
0.03377938936936471
0.0345819571603871
0.03595144332011074
0.03395576799641482
0.03305239934556477
0.03407922466871276
0.03264679552868907
0.03507024083836918
0.03604265451968552
0.03356262562340655
0.03302304347400743
0.03375965859300511
0.03275188623312747
0.0332440808068367
0.03429847014885713
0.03348212694040556
0.03324794686638124
0.03200245754271088
0.0317662141414367
0.03298818103478059
0.03463022520548437
0.03438293842001924
0.03364481484811847
0.03261483443539109
0.0329705960206662
0.03345271857869655
0.03382447243406399
0.03481648044201546
0.03257547673252303
0.0328462761081774
0.03233301353003419
0.03448945915600196
0.03522775380264152
0.03372147513183193
0.03296285930969868
0.03226804429536208
0.03234981620179801
0.03346679477501754
0.03534110452564767
0.03478231485847091
0.03205544891635919
0.031487163632028
0.03211997692952201
0.03179719397024801
0.03335441383133896
0.03204541914249997
0.02764839845094718
0.02516739809838819
0.02120723753399918
0.01746467133889829
0.01642986012710522
0.01452685208650304
0.01414989561915117
0.01212581789431343
0.01223538027596713
0.0109417897341358
0.0116436218043805
0.01093094460748719
0.009862424889807871
0.009007304626010456
0.01022197061029519
0.008939195202536413
0.009138146215942427
0.008094303383681422
0.008675498453147242
0.007596385058768486
0.007945534185653736
0.007880769712044666
0.007913682215618285
0.007602150839529599
0.005876297222837265
0.008920286295605576
0.007258240947885888
0.008390655747825786
0.007030991535669707
0.00881215262179574
0.00765762707402446
0.007522238027421924
0.007268123949479844
0.008269819777395892
0.007275385205246155
0.008842321758389036
0.007228578052751532
0.006086295914311608
0.007772139123102742
0.006021340216803538
0.006576479609330152
0.007997730103114617
0.008001301057471915
0.007481126763221929
0.006553680253014079
0.006480682654610161
0.009112654961484877
0.005934888368124744
0.006592687688365952
0.006370135267377468
0.006464759069339993
0.007605800900804409
0.007445369816381137
0.007479248895712366
0.00676326904350428
0.006705069340952409
0.007263916089101815
0.007239362370052379
0.006631301434187366
0.006953170386392264
0.007350129044261605
0.007337532644066174
