0.0119266803109761
0.008450028654610772
0.01428310863977659
0.01132146993354111
0.01361643187527219
0.01186581608819883
0.006864165152252332
0.01028755929275138
0.009815760921376855
0.01770953916956656
0.01074509746464843
0.0099101167509907
0.01224971499626703
0.01222398012187768
0.005441490771772592
0.01014003096468903
0.01165425012498655
0.01286604856698288
0.01059703115390042
0.01354598694549489
0.01522012059156001
0.009446709299999276
0.01456033543904323
0.01033569596965668
0.01402917102963718
0.01736148143951178
0.01363458125963867
0.01705366546410821
0.01157696934344558
0.01592609489114569
0.01382194926283046
0.01230283003338279
0.008898185624716112
0.009890161336944165
0.01413678726827435
0.01447992458452584
0.009153468479352524
0.01117980867253546
0.007425419959167806
0.01620989307132382
0.01017958788491028
0.01311512270296201
0.0146747159113091
0.01412797616562722
0.01138229824288844
0.01236571676848252
0.01895949438344163
0.01291109457144614
0.01576950023815252
0.01676766244887914
0.01341938047258208
0.01381410251459575
0.01144028998304108
0.01344931883640036
0.0129876335281744
0.01290641650783256
0.019027895277729
0.0223284149664381
0.02199256006615661
0.02618440704401017
0.03180647527918862
0.05969801811645752
0.04973571589821364
0.05512998989179888
0.05807661247004362
0.05754421719053986
0.06090590701128688
0.06330512949233688
0.05550191954413903
0.05470081156345998
0.06215342795014947
0.06371845982752888
0.0674657250704627
0.06037373289690314
0.05889408854830964
0.0597552482475179
0.0674286372912502
0.06108922994425662
0.06359118980806806
0.06401515466038979
0.05956659934254529
0.06739224478480016
0.0633523452084493
0.06914433236532765
0.07139468028880509
0.06199426866152678
0.06281737288021458
0.07020971584876771
0.0672418908714152
0.071051503912107
0.06565998233660264
0.06812395272620923
0.06573254543614492
0.06581082176357553
0.06552505246725848
0.06886463025726845
0.07113032558953826
0.06865962629032783
0.06997278252846484
0.07552649115429565
0.06522524786732886
0.0723038278524923
0.07141373349675512
0.07221012396804967
0.06885832104811414
0.07329820076187582
0.07399245480583294
0.07564001905015297
0.07180998219734309
0.07528406995790055
0.06886477596911275
0.06841766318568084
0.07465236631462281
0.0780453783265903
0.07163148520429544
0.07183640242753109
0.06755490541132451
0.0733693854179099
0.06842802737622629
0.07326243632360976
0.07227020162091498
0.07254476382227319
0.06060312012436952
0.05340153093126626
0.04742089114135831
0.04867146327895398
0.04686091019719969
0.04489040456169379
0.04345144720854532
0.04294089909967968
0.04679252250232132
0.0410214979450713
0.03462503886931446
0.03493056163365279
0.04012457470643248
0.03686473749494271
0.03394052745282052
0.03410086345108777
0.02999698616554239
0.03117130779138673
0.03184899207949482
0.03426899533486265
0.03064535326192947
0.02793369346570161
0.02922624225030372
0.02727532050167623
0.02688547749126584
0.02397273624131313
0.02102523055658608
0.02402397233635993
0.02030599545287225
0.02325404074228807
0.01947810553890927
0.0197855603915955
0.0227169775891258
0.01723194083841487
0.02030568006591088
0.01674757693971608
0.01899457541536704
0.02002892217663356
0.01863808048649133
0.01356701254470655
0.01490766607060586
0.01615869772297899
0.02033501669341411
0.01826544506781601
0.0154722181077642
0.01324321032467804
0.01802256976645452
0.01477105210334262
0.01886787825942901
0.01673758227575669
0.01223877532081087
0.01712003280790695
0.01978199766422764
0.01964206883858009
0.01847977713716168
0.0145940974132891
0.01452242024605311
0.02050215131838389
0.01041234087415844
0.01453594688398848
0.01528908466110254
