0.2806674385554286
0.2906259648095821
0.3145697813372497
0.2937093840201394
0.321005274587711
0.2701654975103033
0.3079022682816054
0.2731603823687187
0.2554749902361397
0.2513871702857797
0.2296597520208178
0.2792051043196171
0.2357899567020257
0.2299223009624409
0.2346542803204709
0.223416593138256
0.2395022697321816
0.2428787662653566
0.2447501877263774
0.222543465924958
0.2534326064118263
0.2828777303260542
0.2205316134278765
0.2552399169960554
0.2508620728558008
0.2654915214793613
0.2216123346291265
0.2334697597078195
0.2110920747876621
0.2757553397022726
0.2392183506745652
0.2569098488459569
0.2780663763162301
0.2655098383870868
0.2795836624839309
0.2799316911340817
0.236037240282211
0.2557650144260344
0.2734015603633586
0.2379605609201206
0.2393068855555187
0.2505445723600109
0.2844499697099016
0.253698208259539
0.2439045380276872
0.2315800203569942
0.2448081930176236
0.2796202975836393
0.2443105717424506
0.2435229259752049
0.250779644995739
0.2505445731910009
0.2541530886228245
0.2326821136383956
0.2493722641271632
0.2504468817825704
0.2902229840764528
0.2889224524280418
0.2711912680639211
0.320904527780221
0.3758443348459116
0.7238066356596082
0.7375415848386303
0.8277086912452495
0.8312042469609675
0.835026466347872
0.9055329603538465
0.8762313228747388
1.003100274935724
1.07997509727611
1.103665522145077
1.254939275624936
1.217559695697103
1.276843763651806
1.294678744858813
1.467847826891828
1.48547215931618
1.60368006348761
1.463802744680484
1.535249533082143
1.531934092706601
1.754273018758409
1.665507188390265
1.67085279726408
1.592787349934209
1.645825204967093
1.643621019008646
1.731138218038436
1.879978819038478
1.871586419481439
1.740345738006635
1.861908765195743
1.746439302979918
1.835321143250653
1.938200484059458
1.913435440326372
1.82165641106278
1.919931989583377
1.830958564471836
1.894675434391157
1.994904863366005
1.943170590394652
1.959109728780536
1.930778907128009
1.912888973989112
1.926706346797701
1.975051917806173
2.088118751314958
2.037144645085353
2.036912633967793
2.064364217306724
2.055007112192412
2.082135089072287
2.069303789746172
2.098776393139166
1.966687001127405
1.982510132254756
2.04937757874623
2.090704546001927
2.110630761610087
2.056023719268456
2.103859460776901
2.030767163018612
1.841890971923509
1.705512260756112
1.552763959678558
1.479491552019301
1.40704341230888
1.352292888593613
1.27805575671758
1.227915091659633
1.19053551573566
1.194916402961214
1.106043723221816
1.015699548866359
1.015574381680845
0.9459318557166329
0.8697866700750189
0.8227691157840201
0.8041983846626959
0.8692218893985483
0.7238218997367888
0.6917115979472646
0.731890685809127
0.6848731263055547
0.6651972518674321
0.6664580915061844
0.575268271909165
0.5946083281883269
0.5657646217878025
0.5835782361272321
0.5638840409286122
0.5441898493561304
0.482493995335921
0.4860475591380333
0.4528626443768635
0.4543646688092646
0.4459051096998391
0.386089835556741
0.3926901847539594
0.4113799737735695
0.3897197215578251
0.4096276173120216
0.3615446013642808
0.3824416314392187
0.3668657866116561
0.3633763348950482
0.3413955264822763
0.297485810722235
0.2948939052371471
0.3260089591126629
0.2902107718477382
0.3182424083257658
0.2657449132891511
0.2836836931521146
0.2310854519123662
0.2628171910804488
0.2438617985511461
0.2744517546945047
0.2429734065807667
0.2243721467762695
0.2449180966547687
0.2080300266751772
