0.03229859888562344
0.02444061016790412
0.03839242179138669
0.03697295454742967
0.03949866274175446
0.03433145646939373
0.01591133587725408
0.03411709652711972
0.02978832979435734
0.0691177604425114
0.03056323241145815
0.02828780919226188
0.03582425804952687
0.04120226075467098
0.01066159261176821
0.03427504603631044
0.03650118425270364
0.03690734071600354
0.03393658290824371
0.05208177634159352
0.06077107810949693
0.0249144585366062
0.06090646356195909
0.03523758807326438
0.05269101021571447
0.07304037198293475
0.03790788506543748
0.07977935331906312
0.03709557335684185
0.04953201960824623
0.03881045411303814
0.0381786558114917
0.03118315453691282
0.03122679864468633
0.0533228082524774
0.04461658332287498
0.02641705731859112
0.03301144975095778
0.01863804356729398
0.05974232817282443
0.0331052694873627
0.04469971449020596
0.04210482985522834
0.04870486318262456
0.03367709458772904
0.04335298703752231
0.05932132810458925
0.04682639212812138
0.06400904315382033
0.07387316930358598
0.04335714350321464
0.05131103013722833
0.04439866029476394
0.04323660329734554
0.0413432872080761
0.04723967354509116
0.0611603108815308
0.1221769234321715
0.1212108188389476
0.1602617594013448
0.2763089352126388
0.588511599566552
0.5785043703721928
0.6750266686996197
0.761974614659538
0.7123039436000956
0.7972971144633529
0.8068913608635896
0.7765656492202182
0.8235817579948616
0.9829160071184436
0.9415267017536058
1.053851670551635
0.9317748024546709
0.961771258869638
0.9782520432563486
1.173902215339435
1.024892280182127
1.089237709343259
1.043459957000959
0.9773735243894283
1.198748682023874
1.143074150428839
1.345448163050103
1.206331743794631
1.130514788545703
1.150634052962484
1.224982853581043
1.21703787034565
1.289515920467413
1.200364400453743
1.282360983930389
1.208600934804254
1.207025892894445
1.234578879803105
1.46065007034314
1.332215138738343
1.26450051374559
1.297841225397496
1.431090053576078
1.244225084513461
1.369930633638115
1.3155942165117
1.393189592140114
1.34240971238372
1.373404039681935
1.49279072024914
1.489471106772209
1.396022886951003
1.389452541151217
1.329655287292387
1.311700108387013
1.484197315920921
1.499454882766799
1.320998347630371
1.415087868886404
1.241409304337685
1.337602643994244
1.285274145657445
1.376093634096622
1.299057614806979
1.225432060825218
0.9765157891219303
0.713478768299698
0.5846786538917197
0.5631503127597325
0.5455825859572591
0.4970353739787181
0.4577006010583818
0.4588006047682894
0.4648685991543343
0.3720465337211131
0.3143703171347358
0.3168149716002251
0.3733220066062112
0.3208254650537911
0.2617939085602342
0.2429486316989505
0.2352281061899292
0.2395610296531674
0.2192665944192602
0.2561380108438031
0.1951095214286335
0.149226373385385
0.1851946266940348
0.1560600651367033
0.134397525947445
0.1307519201163979
0.1358579650509937
0.1192563415707833
0.09705255861199991
0.1282241342717507
0.09884760114728566
0.09485729764850342
0.1038209327716878
0.07101820196206104
0.07306649811932299
0.07597668849874017
0.05926847927455531
0.07888747310531991
0.07132489752914294
0.05162692947335001
0.04966681141606957
0.07035671427941922
0.0719608521904683
0.04635610578612226
0.04600071981409674
0.04886073430009902
0.0537402462940096
0.0638448586813076
0.06637620787657536
0.05855978487491328
0.03695603154460077
0.07086945595712657
0.06771877918130689
0.0742321181496217
0.06806852462899979
0.05282995811853322
0.0516975907669937
0.04951717510304699
0.0379452941039756
0.05081817984441404
0.05547769100102106
