0.02385072626789859
0.02386100198952188
0.02399595346216045
0.02276366745977357
0.02460355071610092
0.02335028296000659
0.02264920581900203
0.02319055230537585
0.02102749999205085
0.02499549816639449
0.02049310576642967
0.02334093787576487
0.02008891153065482
0.01963953520058694
0.02049585505860164
0.01853800175926894
0.02001008613752112
0.01977734249231014
0.02045281594188287
0.0211538300057784
0.0215903026829075
0.02378505443473459
0.02021946145254682
0.02119828479530203
0.02138514697843555
0.02243572162811381
0.02163206365578624
0.02141001469764493
0.01814554791235256
0.02468231139236034
0.02019563542379518
0.02137380385337076
0.02313394762945339
0.02083120256731964
0.02440037717699524
0.02350135520511751
0.02091663907005046
0.02383126903095115
0.02705547634132889
0.02219344427950664
0.02124532961497403
0.02117630129421598
0.02548813075412826
0.02281075104125811
0.02240402993226468
0.01995875178814475
0.02223506015155498
0.02808235530003848
0.02155144710055467
0.01944739176232518
0.02296270763094557
0.02206665827823702
0.02056700103085028
0.01958576630155379
0.02108462368747121
0.02539097253913954
0.02158166251580431
0.02099941601850823
0.02153074303882134
0.02393825729130009
0.02536326044200111
0.04326507724996945
0.04389607522276242
0.04515728358272036
0.0439564227116299
0.04510085861289866
0.04726537628401381
0.0467584938838309
0.04968560236906609
0.0506844885805897
0.04933640446144835
0.05379624948638452
0.05129561266247723
0.05258096015098439
0.05196347524093042
0.05807112113765835
0.05544144037320167
0.05874848406893711
0.05602473162670177
0.05769764383133887
0.05823780939588071
0.05782405003370301
0.05751673874829311
0.05733849330433126
0.05524701103319844
0.05457211260461817
0.055480398171966
0.05576374475356178
0.0607662614060157
0.0617002875122434
0.05634120932764743
0.06050352972562822
0.05782399004390716
0.06050557769451904
0.06044317948958601
0.06091043557891186
0.05962682053936103
0.06165995356270639
0.05729353543586954
0.06184065551145804
0.06176478076747072
0.06179997680702482
0.0612644311333079
0.05984434754403142
0.06234665478435854
0.06083627426469428
0.06296345520608392
0.06394106024129728
0.06178155324186102
0.06325354579235196
0.06524610014813899
0.06303363266287708
0.06594017866665683
0.06388882484722451
0.06466021446873334
0.06307257385784724
0.06159858137789567
0.06476821876839824
0.06669454348316614
0.06384442871256472
0.06183095831730446
0.06760388918460283
0.06672308633269733
0.06266255099313527
0.06223850867677933
0.05785041313540898
0.05687506809839046
0.05460936442517458
0.05430502853070521
0.05172448748240049
0.05136079890428643
0.05434383025092255
0.05209377540547765
0.04874681041977248
0.04826847639981682
0.04853168371824082
0.04983647046475
0.04479213134505372
0.04563984185263408
0.04539800501019332
0.04899118793105049
0.04051109855827827
0.0387159859298542
0.04405109915470296
0.04322270270079478
0.03999499737491835
0.04102663421636033
0.03741928452244651
0.03733425576186664
0.03682395060734938
0.03692997184709373
0.03713251036158261
0.03558789376367275
0.03107655992058329
0.03281459039550429
0.03102920323236424
0.0318801214363288
0.03318127211654921
0.02880714188006359
0.02784917038550633
0.03043337454406112
0.02796127277735221
0.03238422106955051
0.02904559440786829
0.02930070823692818
0.02728623134663787
0.02866923645879339
0.02722745776574738
0.02598634884286597
0.02436324889924035
0.02668565271527678
0.02524137848244619
0.02637503927572503
0.02406584018909942
0.02400051583126307
0.02118054979090588
0.0236621973882951
0.02354171385080257
0.02571668605100867
0.02218069149443211
0.02045540604041507
0.02545128609402061
0.02039617231298544
