0.01428698724369843
0.01792100613533057
0.01649928008682722
0.01728149325329389
0.0156192659843104
0.01719180211255097
0.01678646560037456
0.01399050310648936
0.01961330650186825
0.0148331124130965
0.01655848819477064
0.01576905718737758
0.01520874914472272
0.01390175597270976
0.01861784008185418
0.01327068771861534
0.01698696823422171
0.01513897605273117
0.01482825174317604
0.01625114134564066
0.01597220372364875
0.01677860327196106
0.02161298136797165
0.01419741682446249
0.01473949638447076
0.01728474158873723
0.01604962168770213
0.02122368181386109
0.02193214727148645
0.02516201320880285
0.05170698701156495
0.09177650704999789
0.0912111296857112
0.07828026914436273
0.07803024481633124
0.07533757272633665
0.06366705563293271
0.05964657728926959
0.06035097911188598
0.05974471677794223
0.06170259366913227
0.06714288146578901
0.06473391892845197
0.06232192325416155
0.05966859391938225
0.06343213885324707
0.06190381757679667
0.06402907864606518
0.06571947677556633
0.06133400814368536
0.06512400269455425
0.05889029772845211
0.05842981231078091
0.06305334710719659
0.06519007592284894
0.06413038511410077
0.0586294727322373
0.05728035811376783
0.05724766244182224
0.06472592140528069
0.06040187328861509
0.06326249334454702
0.06006288017574762
0.05852486439011086
0.05877780605051663
0.06360446104618103
0.06384967426948213
0.06422884003871321
0.06313754415667758
0.05919059458556067
0.05978396558188704
0.06280761214181572
0.06059408171380165
0.06749950763614689
0.06156732647781001
0.06144585247317796
0.05583963960581891
0.06135780810083744
0.06232116186817008
0.06318377280492371
0.06537307088623844
0.06027814291479283
0.05659725776769925
0.06100955892787371
0.06573547900712427
0.06460809448516279
0.06320042069262261
0.057796974999834
0.05737509059767822
0.06177237399696809
0.05564593474298265
0.04681016096136412
0.03530525649077174
0.03011838882106362
0.0260680704736274
0.02599977775940248
0.02268484136729944
0.02301219850519153
0.01800078052456704
0.02199780892783685
0.02165145197936161
0.01849383754367731
0.01710537965807927
0.0197265798429027
0.01544492115263663
0.01307859658115491
0.01266555111871651
0.01329195945584287
0.01424899370341884
0.01384905246170495
0.01194591215919573
0.01976018404285599
0.01993516034951782
0.01383550941922868
0.01555753081128909
0.01234465630096823
0.01207238047259847
0.01316146499408555
0.01346219662154182
0.01496737777360826
0.0155902272940014
0.01693500453422835