0.2760252675090181
0.266575438857706
0.2495038809089284
0.2368618505399478
0.2470926151028589
0.2557336176177389
0.2583502592562061
0.2623614290838179
0.2700135842066062
0.3049046754944482
0.3027089274466822
0.2698411702760741
0.2630105180544289
0.3061217175999754
0.3111952641871415
0.2988245326926049
0.3038169442057609
0.3172449804971877
0.3275822364246375
0.3384468776881695
0.3117733596764113
0.2857742863545292
0.3266136727415417
0.3432896928188832
0.3312511124207001
0.338763814895953
0.3514590910186109
0.3683480933965821
0.3689008334046132
0.3943978765384147
0.5147101467730968
0.8125306202796729
0.7134050328713498
0.6513079692721366
0.6377151236141984
0.6163687028127282
0.6129888744660899
0.6786204340905736
0.7533569929819358
0.8848077384314255
1.00898158249212
1.023748367617946
1.046664264997056
1.12725784241612
1.186279338683031
1.366756618779584
1.435735045182078
1.47194206128191
1.451133168884955
1.408640633722434
1.401419514687516
1.578841509399367
1.770906047669367
1.68947321543223
1.562512851022184
1.539452429413717
1.550570623014161
1.762082488060311
1.824965558819708
1.791998914420134
1.769922268907569
1.651788001468464
1.669257634650563
1.83684947244376
1.921662128267006
1.906045951062519
1.828525406898637
1.842620285315341
1.770878157349323
1.841801314682318
2.037093549411234
2.005072654002984
1.987402714761307
1.884415556145264
1.865059505083686
1.974666874695844
2.125975698253042
2.047737605523906
2.097342231804211
2.022795837332152
1.935503455156088
2.053320787148805
2.14354421023797
2.120354481287849
2.156713628370903
1.997052850614723
2.009568104339195
2.073490733119924
2.185907436773495
2.312482402334088
2.027380027877657
1.795320428144775
1.360369678458414
1.156583496283936
0.8882205280134553
0.7763844526409319
0.7394674948725262
0.6875200567633698
0.6250401319146156
0.608049708182953
0.6081638066345925
0.6271699563966771
0.63665781748436
0.6228824169220893
0.575965422619644
0.5431154133195155
0.5194845042133802
0.4751435837029626
0.4297909977763107
0.4508432994893507
0.4316976975557836
0.417050082939471
0.4266266865691072
0.4017838046066071
0.3791315980151296
0.3940378353124386
0.3610179473966361
0.3281603313902491
0.3364565056632224
0.2660987641508642
0.2392426899018256
0.4104070587273491