0.03224486011677437
0.03375919996525514
0.03664399127112389
0.03962167086627142
0.03733326179672066
0.03661203388193957
0.04213872423460908
0.03678304530218903
0.04071778739550166
0.0368685032571615
0.0371355159994585
0.03809491721260132
0.04731618138124948
0.03575885707877678
0.03251127503795236
0.03959857865471442
0.04306984121591791
0.03766518009442831
0.03875432182771918
0.03449346738518698
0.03330752792301342
0.03592425555229443
0.04693535022917774
0.0370223334190587
0.0421197563682138
0.03380195015808923
0.04206628862160309
0.0418110740425794
0.03913417590408904
0.04667484611000065
0.05658058372979077
0.08253815389436432
0.1105367209127472
0.1027404086902993
0.09989556220260278
0.1098678801067012
0.101708760143516
0.09864893637413458
0.09162445346393863
0.1048637095682037
0.09879012651736706
0.1069083098027842
0.1033776469260991
0.09632001620267595
0.10641726800478
0.1077697524263367
0.1023395262466311
0.1061407660549252
0.1091013924356857
0.1070553248318597
0.110134818609131
0.1025022937143387
0.1082130864616115
0.1070660496940194
0.1126604861574975
0.1098984717842845
0.1152046272623557
0.1126576087374538
0.1094533437458597
0.11138173517176
0.1195229361557941
0.1128553858509614
0.1132702045582554
0.1155452584862972
0.1117714801256798
0.1202249159463931
0.1242442595283774
0.1135574732428465
0.1136555863821863
0.1189816597643178
0.1193486139881813
0.1137935479674767
0.1238006151281827
0.1128433603828497
0.1161386320604702
0.1184628515683841
0.1177940314977183
0.1208640504600874
0.1149488661848343
0.1253180506908
0.1157903569662639
0.1215429689184928
0.1202182287901247
0.1210637045781596
0.1180648793984811
0.1255929738213991
0.1188617041927206
0.1200044674347319
0.1259768450388568
0.1210650819541256
0.1216901044043033
0.114889700154937
0.1045265742456791
0.1019968236290263
0.09298167529514205
0.09107751407006302
0.09077116124458368
0.08800964906516712
0.08274512305677748
0.08246243033384441
0.08154488677764327
0.07688716441873607
0.08230499232890366
0.07680834053107929
0.0771174337485384
0.07240090650656551
0.07685226178473845
0.07059408647678267
0.07184405961716116
0.07111115179273329
0.07257436149885309
0.06921818380099047
0.0656233460432504
0.06293473835917984
0.06604598934489461
0.06453279381227664
0.06708841323170754
0.05985063899765421
0.05940241947083422
0.05362754085890369
0.03823884520016022
0.03844361033077694