0.02005992598750834
0.01829777805871517
0.01700310737769446
0.01678887112337778
0.02055817926278154
0.02091812797919576
0.01839633379510381
0.02284614541669935
0.02078359587532572
0.01911791681211208
0.0193213241456663
0.01981311644851703
0.01754684048478513
0.02014502489508945
0.01703257080041951
0.02040947666998709
0.02047096351140348
0.01762486265249981
0.01785751528498605
0.01662686147185405
0.01639604614326316
0.02112882219177278
0.02057637278116987
0.01782740070780449
0.02074634477618404
0.02222528251765505
0.02137556507010485
0.02009904082003861
0.0296365491708801
0.03168593734050494
0.05429149136303101
0.1043991556477628
0.09216652271150615
0.08281372400430072
0.08975644938623456
0.07976088765845304
0.07396395082459707
0.07139206296426126
0.06626010779337405
0.07577030948817287
0.07637676665007292
0.07386194083862357
0.07373749641370433
0.0701872649629021
0.06947845577102685
0.06506916612210274
0.07174230619310221
0.07295390042543577
0.07804292338192048
0.06869358166554403
0.07255117669396337
0.06981581947655076
0.07531455718138305
0.07861116979295331
0.07992348660767545
0.07365639644639646
0.07414071464878494
0.06983472551546141
0.07522055441954534
0.07328212121483142
0.07532456612322173
0.07523143184856627
0.07304716421515395
0.07116698634202227
0.07412357829606241
0.08048567854823438
0.07375629200235576
0.07584090289046358
0.07414588371199454
0.06914898201941577
0.07606803714414856
0.07738366320502178
0.08130738729003696
0.07759560923295783
0.0750083062946028
0.07164082681457901
0.07426176327333543
0.07567335223198099
0.07504801086953639
0.08002072417678736
0.08211481891562956
0.07904465482302674
0.08161151042291004
0.07573268089092297
0.08036121372946196
0.0796253084462195
0.0770284421211645
0.07527902463848635
0.0775203466656058
0.07817841974828596
0.07658378544664354
0.06007766531403008
0.05024176099589647
0.04198331707108563
0.03505198260233632
0.03513715195000026
0.02937961901416533
0.02709039582639117
0.02362301950682474
0.03008508220084355
0.02303636254932856
0.02571543102799102
0.02113638950028698
0.02036480239067613
0.02140005615221969
0.0186184926222477
0.02058814928897471
0.01715896770849706
0.01687415208045286
0.01588604423214265
0.0214493948632745
0.01823523824384412
0.01323969714444666
0.02072167092944056
0.01571664328526504
0.01277648201340273
0.01753700729110245
0.0161368090480804
0.01278561436236673
0.01291528080354553
0.01735373156375539
0.03073926600146659