0.01568893021957577
0.01373371032939868
0.01540269498302471
0.01362581258401806
0.01541774915597744
0.01341405095043249
0.01519837029234384
0.01804068521549658
0.01636061556809046
0.0173003361636931
0.01620020213556815
0.01646058782456442
0.01370329350161847
0.01572111878191922
0.01630802581170799
0.01563460245818757
0.01688202621520786
0.01730250617022184
0.01343120415247291
0.01677749190204213
0.01541601554621995
0.01763331020458491
0.01837326922507757
0.01923071689918792
0.01804506968408081
0.01876634993544963
0.01931018115012136
0.01937219449784229
0.02055608840373995
0.0228070245087348
0.03487525120461716
0.05888630031996951
0.06499526180259367
0.06487478804411867
0.06422421973153572
0.06032537326592714
0.05342661223879121
0.0526760389153966
0.05295365351220616
0.0588472983749614
0.05898921474449084
0.05725974779532391
0.0570963948319242
0.05833247707772319
0.05402239752353975
0.05632501975937698
0.06037438615870531
0.06055860936977848
0.05958976722092357
0.05852663300894521
0.06068381926850405
0.05954089545622993
0.05933125822026473
0.06343811090812715
0.05984890233441117
0.06238176044889778
0.05792121923734094
0.05905813484851485
0.0633743710809283
0.06547332269610956
0.0609691883808639
0.06529387934097672
0.05844283911128507
0.06366634953349952
0.05996350633886958
0.06467791751454399
0.06670114316349959
0.06102988518213454
0.06114851429870009
0.06435457327733621
0.06157480467264758
0.06723771929999174
0.05990599897273096
0.06428906233632248
0.06450741354258277
0.06443406090655866
0.05985931993499775
0.06728211519443869
0.0666636372051346
0.06530798776766239
0.05957866578520329
0.06360694691494326
0.06033725670558771
0.06185305004471617
0.0626774496463702
0.06274049454856909
0.06195929424963357
0.06097853081098092
0.06196792720702261
0.06728570010894111
0.07949187761534957
0.06226384723547811
0.05106242558443801
0.04369079654027807
0.03751956434827069
0.03262451509359531
0.02860185187343862
0.0281033837719914
0.02627776540774017
0.028204826251859
0.02480143567689052
0.02520708537488333
0.02335406416232891
0.02273895970054977
0.02278492166010986
0.02006088119861305
0.01952255293136527
0.01824725071076337
0.01942667986622599
0.01716639945923275
0.01592846369476913
0.01817249701568461
0.01687162574224428
0.01508671236427314
0.01683545292846969
0.01540806804474233
0.01588076445776256
0.01596192325144082
0.01460168096524589
0.01313205218412149
0.01386596982803586
0.01671862613285653