1.614172802529673
1.295932805324668
1.36165159179982
1.297946068828008
1.40378639484297
1.332674929904404
1.567040782809925
1.457677241782867
1.410976639094193
1.467420010701267
1.694595634880573
1.427657990529021
1.506283263842117
1.538711237011116
1.662706916800408
1.623699871032541
1.538136015203017
1.464040599791194
1.349500093541261
1.486006787581675
1.691108369712732
1.406770343966226
1.438227646365317
1.58746106249739
1.545182459402218
1.293200511186203
1.454729241828865
1.646744582500698
1.431504771014426
1.436070567959947
1.166436594839194
1.159533970942026
0.6176056154005564
0.3431182263302269
0.2606461779317304
0.2541749649906336
0.2474161377704855
0.2625156440830498
0.2328918566410222
0.2021176309827993
0.2209560581229961
0.1264044091294506
0.112095831790522
0.1550575136515632
0.2041308978611409
0.1969406583349207
0.2506157947342787
0.1891392485063468
0.1275188975013904
0.2434615077523153
0.1700491630063573
0.3025293266650901
0.3028169328441371
0.2824685555451841
0.2355881955352292
0.32316531014309
0.3197499473637609
0.4406897742912841
0.3644013346798384
0.2294045894481798
0.3171614620523222
0.3824128850271453
0.4610381542902385
0.6022904073224584
0.6162754198630799
0.3512791460763607
0.3607343121907159
0.4258419297135144
0.4190831058683681
0.6601718388497829
0.7867200466812547
0.4950839366007652
0.5038200768049973
0.589851292084847
0.4660713154110891
0.5984436261620539
0.792939607337562
0.5825531983008581
0.5346302516324751
0.6962308839886492
0.7258906226249329
0.7898478032815368
0.8872036427270567
0.8828895027913264
0.6271686344226794
0.751128365717717
0.7355614932048232
0.9620540338932578
1.189373458799586
0.9857458756330298
0.7805004920999505
0.693246936890394
0.6375225830934387
0.6267012675473494
0.4992183259652178
0.4370587063714195
0.5452718112072839
0.4152722799522219
0.5429709340998931
0.542899028336379
0.6245441972419842
1.030073703550803
1.074149871083783
1.083533127384622
1.086948497588955
1.203897746679053
1.245241621423568
1.035861843126034
0.9829416838310548
1.064838516496456
0.8653812678136042
1.197174869978161
0.9923608947011517
1.0035417188148
0.9851347093806783
1.099926874665405
1.208104031007014
1.134044562739445
1.017203178032121
1.112509801430044
1.158059967927524
2.486420745746191