0.1281426009130432
0.147550875180012
0.1080421630218911
0.09239003078919261
0.1384512279362514
0.1600467401497437
0.1461573187344604
0.1431302555536288
0.1213686242020222
0.179787252866217
0.1373714524122148
0.1560691055270105
0.1434071215924404
0.1375837154569411
0.1377129209252838
0.1642458673609399
0.1170310642313341
0.1427426441736034
0.1340213794592354
0.1878532695322087
0.133606080487656
0.1798333974659329
0.1543340814347696
0.1535496286111545
0.1674851941063258
0.1837002865741764
0.1699862126278124
0.1855460563541829
0.1853614791682511
0.2602074642114027
0.3467556313371065
0.6548423752305723
0.5440777043909748
0.5982141428960351
0.7212808783869062
0.6536979967124503
0.6837748247367897
0.570038461394294
0.6342897229653095
0.562701523581741
0.6565958587568381
0.7654686178158526
0.7460972580850352
0.5876194241023498
0.6306720161163943
0.6735954031819242
0.7756757286950318
0.7742452565003971
0.680563185409682
0.6628068778318463
0.5748743796457048
0.7089511323820129
0.8600458884576043
0.792702956726325
0.7015680523956074
0.752695888193517
0.6648649101367513
0.7423503452479497
0.7606326999109938
0.9087834488226537
0.7355209959529598
0.620317242067607
0.6502556373324545
0.6958646199321268
0.818848294900923
0.8411451987228518
0.6957723331585584
0.6767055267115548
0.7995138505726368
0.7844523658200928
0.8515645724734813
0.8533734278906123
0.6878355209212536
0.7910048523685141
0.8543793733026904
0.7488013132264788
0.7690032679547638
0.843738506617046
0.7649056575807005
0.761094140190046
0.8136063079147732
0.7850983836316286
0.8403053733152677
0.8817244591138601
0.8489989516510132
0.7525759140016705
0.7750573941431511
0.7829111475911406
0.8510569875947132
0.9548907910892562
0.7247140103024771
0.6199388616175259
0.2970398105523938
0.2525198300748036
0.303223141689296
0.2584447533939876
0.1363378207947902
0.1044152238568241
0.08720341604045981
0.1031877867226628
0.06163949822814301
0.06206402535725142
0.04894982756839858
0.04475992886128325
0.04643958002300327
0.07216961783981414
0.07340628399788421
0.08134309606191299
0.04979888165333947
0.07761463936660939
0.05025109550762222
0.06632775469615314
0.07225267697568141
0.05193074632279033
0.06120574207512583
0.09909017669515136
0.05129395562912769
0.0744491432530099
0.05898158889934706
0.05726502216181992
0.09384818918917372
0.1498488605470607