0.1489630326794697
0.1421240407380846
0.1427510213218036
0.1169996689243057
0.1232602116989735
0.1238219438549181
0.1453740086892354
0.1366193283365803
0.1154422163524543
0.1268839127017393
0.1705047566589484
0.1262648391128845
0.1557683015077036
0.1315778822485341
0.119316217553093
0.140894885791962
0.1485039743042273
0.1509655666820042
0.1305448364827032
0.1503660677397673
0.1442097272011542
0.1414338366012994
0.1359561683496699
0.1347329077880977
0.1471878760053426
0.1268910683630755
0.1418796226055371
0.1232161666366723
0.1293259065830712
0.132424429593902
0.1346346992483368
0.1388043595569533
0.1027395047269761
0.07166926826325153
0.06121362650827155
0.06448482503608029
0.06160663358465074
0.06232940208427793
0.05606127660416797
0.05020126124031325
0.04860018092046767
0.04100033473127424
0.03683976967677553
0.04384359703099972
0.05123516503144678
0.04770984975318327
0.06754651441402404
0.04581729040556763
0.04281775789752242
0.04641994434332607
0.04979076875966436
0.0671969106101083
0.06349531625637081
0.06871924402392499
0.05553981597377495
0.07536180529252727
0.06916336411354433
0.07808799198410786
0.07879921794665375
0.05359610833538517
0.05970329214770321
0.08390474297510206
0.07611423980959672
0.09263884884427752
0.1152023378882214
0.07225078957170308
0.0633750057737511
0.08232133912738081
0.06845160764529486
0.1114839937816098
0.107490534522968
0.0834545515753282
0.08169226930727733
0.08342986702848582
0.0825512762184534
0.09986791096668599
0.1169250267055133
0.0896382948715464
0.08119337776330535
0.08885133164346942
0.09764648534170713
0.1015237633422502
0.1143122809491505
0.1136591551846143
0.08388478353950649
0.1041753193830173
0.1070505204186384
0.1207555485041107
0.1388815167984395
0.1118762475586793
0.1112992828112501
0.09546983347155633
0.09899705613857322
0.1164180697341727
0.08887173669873917
0.08714890489245142
0.0965208627220052
0.08028199703985284
0.09102948365982846
0.1080709072522991
0.105193450593243
0.1317907437595755
0.1290894528845765
0.1435476575421819
0.1324795780641043
0.1513507665539858
0.1547931875915909
0.1288400956868911
0.1145326058040226
0.116770844330838
0.1054234476678634
0.1328914992542685
0.1172441809500608
0.1012695066009666
0.1181861658964667
0.1222946808622965
0.1222449390067372
0.1223014352035492
0.1184763809687389
0.1215632834072258
0.1150112460307418
0.2179634392867529