0.02306948932446268
0.02980529196206375
0.0217452095815687
0.02065483136833796
0.02685026081305654
0.03097215808417828
0.02802871749371509
0.02600963021084807
0.02524045892226262
0.02996114027559335
0.02457918153997127
0.02921470836791141
0.02656121354259227
0.02552467535619064
0.02947507140963811
0.02822825004441052
0.0234451627641982
0.02770914188910138
0.02430594209142073
0.03270859026069467
0.02366423598168822
0.03109631797477415
0.02996839275270489
0.02693431284395089
0.02733757377637271
0.02935464142183212
0.02864663007250172
0.02645838581145479
0.03078214967873163
0.03255602520761575
0.03990620870153313
0.06413742312025057
0.05331982500727694
0.05232724747393646
0.05948983433094218
0.05548750595087558
0.06427251593579601
0.04756127627509384
0.05592898074003255
0.0502493635936906
0.05806445997193258
0.05944217659132327
0.05652812650149448
0.05106769073099963
0.05464816122777497
0.05051853769030781
0.06112687071043895
0.0626027609809143
0.05635192412832889
0.05292941317920236
0.04586813025513111
0.05262409689481065
0.06473887361029515
0.05235840465878572
0.0586063832965568
0.05737782942173201
0.05278683417361038
0.05794943536536137
0.06051988458869105
0.06773646145762827
0.05643474943925178
0.05203633326499298
0.05104390687183417
0.05488453176615828
0.05951035829311675
0.07113433829992176
0.05902013869637049
0.05025970365765842
0.06356284048363497
0.06508422119346893
0.05677066623512977
0.06186790712320362
0.05261184917456131
0.05956564621449564
0.06258850828382205
0.05491820040313563
0.05767659985502201
0.06713968506382396
0.06426498352130139
0.0628144088959466
0.0590916984059977
0.05783799086025429
0.06711668308023948
0.0669981906460806
0.0653922637313355
0.05871465423360923
0.06228172833363112
0.06429230018020475
0.06213122218046072
0.07914970862135756
0.0722317816624229
0.06443429612309948
0.0387496975482871
0.03514141778053513
0.0438263941412646
0.03623993498296366
0.02845894321956068
0.02166722812532523
0.01977246631245679
0.02099984718526942
0.01448464934621932
0.01372929904769562
0.01244927517078834
0.01099972344159406
0.01255650626823963
0.01715749478906899
0.02322663210480409
0.0192463827361458
0.01325148204967944
0.01724248559836406
0.01508861148485271
0.01698927248570446
0.01953390055792583
0.01451033641135962
0.01785310525598102
0.02135083028342455
0.01578713073272118
0.02007504217571271
0.01707974398971819
0.01420959775557045
0.01881991694778543
0.03109108379193472