1.175092903234191
1.27111550710969
0.9251973527972981
1.334109933699592
0.9997455083717735
1.314268525374138
1.126101779735694
1.029752575745017
0.9913353667420856
0.9843133061619128
0.990722982560174
1.179461286229602
1.111200324559616
0.9398538591498036
1.219470696934199
1.112384259700775
1.139982593261589
1.054288971222053
1.005338665792498
1.020321782362663
0.9882734104738398
0.9847623796786292
1.009747869887594
0.8251329862465293
0.920298237921828
1.02040342658253
1.010890981908572
0.9510809920601926
1.107770941015017
0.976025635913267
1.120671935000662
0.9778628116947109
1.06694499617916
1.067475731089964
0.9776178527686555
0.950713560742847
1.118916428695291
0.9288716770834842
1.029181005591053
0.984721568681426
1.151781297336191
0.9361387016409535
1.094992413359173
1.341499423576614
1.179379632917501
1.139737649489257
0.9547145043389272
0.9455694879515696
1.123733867022951
1.189218679727134
0.7997800728022042
0.9957037436760078
1.089889174800808
0.9136436086590007
1.040367312350515
1.244946083780062
0.7512788651353222
1.032406266463005
0.9135211342472142
0.8482404583591526
1.011829990451619
0.792227281352221
0.3686173679464955
0.5420459438178499
0.4080143995204215
0.4581486441321292
0.4454517798908686
0.5875260395518804
0.3064394704366135
0.4857469827441846
0.4053607148639226
0.3087257227655185
0.2392808067596565
0.3675967252860635
0.491789217722618
0.4197314442214319
0.3650655170618478
0.4597408599772696
0.2656951819436025
0.3671884617563022
0.3407332594111814
0.4610472907454281
0.3212184623136359
0.221848129215887
0.3037449586189399
0.3710261027691728
0.4301828812744658
0.4497793316841125
0.4187924467911154
0.5913228584548175
0.3274648260262053
0.2999073226573103
0.5152233051041425
0.5177953394792848
0.4915442638478036
0.6082656141054832
0.4740707611633559
0.3950725773633537
0.4518206250869622
0.407483659558377
0.5787076414641688
0.3195037720567089
0.637701116376004
0.5103650143591024
0.4763161913823273
0.5973650873717615
0.5726653973935014
0.6321487861164545
0.7371530906628754
0.3792321106134835
0.5829943580142523
0.4926465658818261
0.6650953111002
0.6998790148961342
0.6550113083952565
0.5701750112792193
0.4170777585546849
0.8781658805022805
0.6001412525015363
0.6991441421589609
0.871470426098775
1.008073995679112
0.7648739036867174
1.443890866586718
1.14953586105573
1.058330728846081
1.14639227572134
1.090379083560685
1.179379632917501
1.329088344412335
1.023097934359211
1.064658739809263
1.06637344117892
0.9436098448300766
1.534483627747681
1.014483678138862
1.210121562925436
0.8929856985302295
1.431479783381446
1.153985895342746
0.8014131249007532
0.9919477529444937
0.9167872081368657
1.374935852268995
0.9533672484300905
1.296713367357092
0.9845174369165453
1.037182904906192
0.9383433036885019
0.9774545511956942
1.197506346945035
1.055227957539639
1.066781691575454
1.035672330250174
0.9946014517444676
0.8271742776288824
1.04734854779001
0.8900053864818508
0.8832691190606456
0.983006869332265
1.022322252645331
0.9613283013893386
0.8001883292602281
0.8462808192786524
1.115078782631179
0.9344240123942748
1.093645167552819
0.8348903767133163
0.8648158018871889
0.9171954656051378
0.9130720445665262
0.9825986169152341
0.7672826273966644
1.052329320018574
0.7810817906412028
1.114058137950251
0.6612576741283223
1.129490337129367
0.8675919528734886
1.01444285501868
0.7302943306454157
0.9984390806343596
0.8651015798924333