0.1678681777856675
0.1732375129876513
0.1402751908648462
0.1837931754444622
0.1485420375745837
0.2051298909679711
0.1463553293724356
0.1761566397858999
0.1494659857615871
0.1524782958899623
0.1208485906451931
0.1747767879650157
0.1892725853926705
0.1220208015670308
0.2393004771333195
0.1603634874193614
0.1700008002702853
0.1717371459959241
0.144994762715092
0.156897183169586
0.1395006774887132
0.1439937727453823
0.1548772669179345
0.1412055252370143
0.1483222340405271
0.1537447381209447
0.14934635230864
0.1684376467370596
0.1482846335145434
0.1559190130404636
0.1650891740566454
0.1488262821515005
0.1666384979756874
0.1490434708719808
0.1434674367419197
0.1464880523506412
0.1641050563325214
0.142851370551331
0.1600455572234392
0.1471654022483657
0.1626904180155902
0.1576795882770299
0.1823536702848788
0.1769939384539684
0.1771524147810734
0.1735769114553765
0.1485811300173299
0.1204472565488653
0.1755611565424748
0.2298726065751101
0.1193115854210312
0.1363885031954331
0.164583616989324
0.1503342502918091
0.2401338161238127
0.1669942703292536
0.1000999862824115
0.1520933004737567
0.1466074207382159
0.123248007986927
0.1797093461188931
0.2230327352940488
0.06959285586880941
0.1337639774275543
0.08604582822195836
0.1255528491665717
0.131709006599431
0.1403345197972035
0.07549657691469169
0.2143435872785965
0.12316332339108
0.06947120816961617
0.05992850080009871
0.1196861884689615
0.159257730179971
0.1486776802877178
0.1260606967606295
0.1570118751600215
0.08655684700189359
0.1193976892000179
0.09626869227424195
0.1327456517687401
0.1250874830803326
0.06996245272952337
0.112279489853884
0.1267341019571082
0.1350515975988798
0.135169177912373
0.140405760526812
0.1681421699272073
0.1123096826669952
0.08036362266320354
0.1332803631354798
0.1394899326832948
0.1159648063779254
0.1612473179103711
0.1283051569575833
0.1269464185240219
0.0956529023669794
0.1220447636114191
0.1534840470888244
0.06828719460004598
0.1612116930925084
0.1243434099546345
0.1219902583988384
0.1412156421245351
0.1618232215876733
0.165656146977303
0.1647715646279949
0.08137347021432347
0.147305228018643
0.1021331683389683
0.1535266929728624
0.1720721684755951
0.154263347774449
0.1375087656829117
0.100249474088014
0.2627964022585784
0.1529188075681853
0.1628250329766791
0.2017219465940993
0.2543828520926727
0.1270263410752032
0.278032517885616
0.2130539206789224
0.1930718089071968
0.1949030349699211
0.2022536034812461
0.1826988140275232
0.2420584881789729
0.1636621861681221
0.1742188822626241
0.1761079273368324
0.1385250822962736
0.268701172588294
0.1460028183369406
0.2396211532263354
0.1231813129074897
0.2063247623183059
0.2420749986516444
0.131836420763637
0.1453675451375798
0.1662026635762772
0.1941053627865169
0.1506297468613498
0.1873510609382251
0.1513586136083243
0.1698897459157221
0.1596148009470347
0.1551551111988572
0.1991696263536264
0.175229763765897
0.1644490082573342
0.1625997114527684
0.1791418084947958
0.1105065902637218
0.2426471459437894
0.1048439303520204
0.1716869823583186
0.1834393404173773
0.1658854063973149
0.1628089229955867
0.114966484540801
0.1560168058585865
0.1712532133355535
0.1596245153039163
0.1527094436350228
0.1499031407330504
0.1215741260645528
0.150703268044149
0.1737382386893765
0.1693806888356479
0.1252605402443022
0.1608092804099076
0.1163489849737729
0.1611141680835187
0.1068880186315531
0.2454752291963178
0.1119961880748436
0.1518477154174116
0.1086255765898397
0.1698024991552987
0.126429630380826
