0.02630368987156267
0.02085631277270258
0.02744847953848207
0.02302964324615087
0.01958280530779806
0.02679848704476619
0.01927145885753898
0.0301818707971782
0.01987924333545911
0.02132319391421881
0.02345096415081402
0.02451981819355701
0.02277019479641732
0.02493294582332414
0.0186767502659939
0.02662492228574605
0.02367329363786237
0.03600103675254599
0.02803266540100282
0.03008878151377113
0.023568211408047
0.02035526445551206
0.02091965861395168
0.01941457512179985
0.0155271734189128
0.01463900406805652
0.0206222797968288
0.02739257503891673
0.01254958148981201
0.02500549206911028
0.0164323699657658
0.01676103546351036
0.01591331563136219
0.01650099885372473
0.01664932399537927
0.01708583980697794
0.02176990758542026
0.01378620378950324
0.03335316061231202
0.01559367842388214
0.01630013304704945
0.01809549989901002
0.01903336115261287
0.02148474395659171
0.01714239001582402
0.01630981679316136
0.0166656310728864
0.01942038327585539
0.02769873744684
0.02154325169625746
0.01214451700781383
0.01651587826926302
0.01733182881064775
0.02768958460386313
0.02052082780048201
0.03598462493471487
0.03267803982222991
0.02713621955253775
0.0317107345894145
0.03189256142465492
0.04497829305543496
0.09097654336673153
0.1391516312164799
0.152664302277934
0.1665754433206768
0.1608829757068473
0.1422118628682327
0.1331472788835596
0.1206216531347197
0.115851739486793
0.1266066204278962
0.126879457412375
0.1360853614481184
0.1324370415967455
0.1215210822610199
0.1182120224303696
0.1153184361054207
0.1145136635399158
0.1419753056809052
0.1246125120512978
0.113247968274973
0.1029052763497191
0.09891050242870744
0.1167018186405417
0.1165771307430611
0.1345921242829699
0.1118499507728582
0.1117177830293692
0.1021639648454649
0.1102610589058813
0.1288926519064699
0.1345629049380676
0.123996665277826
0.1096734908056011
0.09906551944390475
0.1033816480189413
0.1149487145577269
0.125316393130419
0.1162484343522488
0.102963248921979
0.1014816582169331
0.1003107751025827
0.1307374621847124
0.1364054865968952
0.1226185555959795
0.1047310044319044
0.09849545349443707
0.09623647854008836
0.1231517202539826
0.1225944381745367
0.119764218865413
0.1044769820832712
0.1043148206585773
0.0842657935477998
0.111160907509762
0.1173692976107085
0.1145764680894707
0.09885734813730333
0.08904694284959769
0.08673957821166789
0.103392282125991
0.1039080309592129
0.07472917805691057
0.08259932606861124
0.06188107555130393
0.06309849511510984
0.06613597408505156
0.05493897025319796
0.04658306873485506
0.05359074786197471
0.05301451899710291
0.04418993748533517
0.04528183033950192
0.04398274786087126
0.05605919208477176
0.04406563685903812
0.04463431450046228
0.05048442152859139
0.03677385200264499
0.0380135445990838
0.03110902105438757
0.02742978542767286
0.03875369860040385
0.04270600258246627
0.03691012978093655
0.02594015927077623
0.03694147586852086
0.0377586366065066
0.02461592525290075
0.03326438886547792
0.03036127752754964
0.02817214723852932
0.03079182040899165
0.02592725324601248
0.02278430189520281
0.02045268291908302
0.02794591876967134
0.02574454103083262
0.0269555289804969
0.02291192551098696
0.02384469924767502
0.0368117044219373
0.01559639822687202
0.02184164821662882
0.02601606560072312
0.01638087007140537
0.02249611451204154
0.01505404588409101
0.02601895297529314
0.01732900738701709
0.0323619504380848
0.01672847046805958
0.01956825311985746
0.03089982019926811
0.02371737767360834
0.03177887281482708
0.01584073249638525
0.02319375843450786
0.01992505612210672
0.02454670305488784
0.02122445692971478
0.0216610502905954
0.03060625564498844
