0.04037304805694045
0.06241522887905876
0.07289717487908982
0.06973754545898883
0.03527417556188264
0.1408877283441169
0.1170651228046352
0.0392446096528035
0.06703765127111923
0.1451925150149471
0.06816608868129961
0.09814913867921619
0.1166053885663604
0.07213652376617705
0.1594860787362188
0.1737629255988113
0.1880397714674473
0.08166556657834367
0.1402357420308905
0.07861460096397244
0.09243171259433358
0.05768414268126854
0.1265941666107584
0.009529042812166632
0.05387252595398453
0.07323152845295576
0.06260748095401042
0.1783853489848284
0.04526295261232408
0.06862582391353099
0.0336860019255143
0.04797956465282939
0.1604055492006816
0.04446886480018333
0.1118074319519839
0.06453000717028812
0.07640787473173587
0.09629348188556813
0.09594241244697964
0.172525822394988
0.1243874393845653
0.1062488232307382
0.1336155648251156
0.09973731231558455
0.04480321837404927
0.138171115309655
0.1538020903445207
0.06340156876615116
0.06657791603888785
0.007021399705292104
0.2946062284315026
0.1324536912126856
0.2279530842921564
0.03749761865279832
0.1985718710253855
0.286506542886024
0.0635269504245166
0.06483092404492609
0.08342927443702798
0.1807676074514677
0.2213914198190957
0.3894870718969749
0.2903850310238508
0.5852921793118611
0.5119519845682842
0.3005827792443253
0.3743994243393888
0.4077510697091674
0.3058989833266689
0.4351763240362589
0.5138577964107742
0.4566333902041828
0.6437536882252975
0.539686517181223
0.5997947119667635
0.7781800574727439
0.593391862123959
0.7516575537695662
0.5699454050384217
0.477973428670276
0.6540517410766947
0.524690812346372
0.8498735675866624
0.6632798660202669
0.779709723346181
0.5237462668423797
0.8004228490476426
0.742295690229224
0.7426718384346792
0.8703024945146107
0.6367072177047913
0.6171308841155125
0.717821098625005
0.769420026687721
0.6170222198128045
0.7073725893242019
0.5860528294308173
0.7381831568757912
0.7304930537501044
0.5946373282299265
0.6082203909173445
0.6363812208208409
0.7034940987014837
0.4785000328281588
0.5459639838747271
0.7550178004031654
0.7687011719458215
0.9892817833667601
0.7420282093083466
0.8926790279166384
0.7089106098996414
0.6874869806794347
0.9760915840040525
0.9243756332092888
1.027322725024033
0.8356635898982104
0.6694152309663676
0.7866308184205503
0.7986089901159426
1.041532703457953
0.9311379084351299
1.049080704836236
0.7367788756425893
0.4824203141066399
0.3684312319559055
0.5729127816381036
0.4121812400262762
0.3075874623394275
0.4496788596730311
0.326561958203604
0.2992453706641119
0.489065565854966
0.2859214289772969
0.1767971743545035
0.1677278657806116
0.261906570368907
0.3158125300402497
0.1583743581847175
0.3326471715797107
0.135997826770603
0.2179308735243567
0.2063037692796398
0.2384015975687858
0.2347655150638177
0.2042558614049966
0.104535268929961
0.183943955718161
0.1841027740757544
0.2207895860698197
0.1779088951544938
0.2781393744317549
0.09548267820870483
0.0868898217257235
0.09149552725910487
0.1492883327521466
0.129294060798628
0.08450756226512757
0.1121417845318933
0.1439052592471733
0.1062488252186513
0.1294528791562214
0.1677278647866551
0.1912161177462274
0.1229246484005189
0.1220218987705616
0.162679145352526
0.07656669408328586
0.07130900223667806
0.1013254869459095
0.1591684459968583
0.1351870220997831
0.01905808562433326
0.07879013717420154
0.2202964151323169
0.1877221377341302
0.0524097349699382
0.1203835725702427
0.07259625800445185
0.03811617124866653
0.05526844751540121
0.08927208416818919
0.06913571121273461
0.07226190641849906
