0.06103053599524118
0.06136541859368035
0.06621985666679481
0.07413880378259992
0.06415870498892247
0.0658430292692288
0.07602894753660813
0.07114984739874476
0.06594863051038656
0.07172246593082486
0.06441298630898873
0.06529490026621901
0.06806577404538176
0.07115320019155921
0.06537303100100361
0.06716776670734044
0.06351502233579023
0.06770709670888089
0.07561476595364484
0.07198774232752275
0.06727263777366362
0.07150642695508426
0.06847101424408286
0.07116640237866619
0.07438436930498395
0.06954443753367022
0.06555470534945457
0.065486153788105
0.0689558178392593
0.07737730756134639
0.06958367008502085
0.0678111565275946
0.07316499899279084
0.06975725313886014
0.07220679834084755
0.06959688961664151
0.07249210466259201
0.07626466426836825
0.07214251398314422
0.07620571904358502
0.07228993596828147
0.07245764520079997
0.0857326648293445
0.06838813062926438
0.07451570218826557
0.07059213487924333
0.06800919337987725
0.07215441650701566
0.07250351144761445
0.08356866922797562
0.07225640408407161
0.06896826515463041
0.07570850774543722
0.07885066109777177
0.06896529595861263
0.07606424151989492
0.07393137745557649
0.07391140592455508
0.07124022832392747
0.07955658901701985
0.07846637212809823
0.07568133324968115
0.04887176209957458
0.05640911966503401
0.05351303238989256
0.04558044173934956
0.04701386171455782
0.04565959556671476
0.04054616198136758
0.04528183093763181
0.039604305641243
0.04437459808361652
0.03054097992872569
0.0400444247264934
0.0413485264970704
0.02994588706193095
0.03150306470328832
0.03674384035058752
0.03283903522164475
0.02846196994241983
0.03620920285315675
0.03170065900952408
0.03868395656751536
0.02860205183525174
0.03851189072968654
0.02640750685076078
0.02999849934348104
0.0478054831818483
0.03580766218701675
0.02660557183540335
0.0367677306815497
0.02745457143404321
0.02630709529844308
0.0308917058532247
0.02733962053173087
0.0371581975867327
0.02912942672100044
0.03495639990933828
0.03026691336402974
0.02674276029682288
0.05173338670737547
0.05382981390120852
0.03729658054033375
0.03564314026976288
0.03519291696080119
0.03470848470041539
0.05235310994031327
0.03909189778117667
0.03600767570203719
0.04290046408022238
0.05304553501342453
0.032700078160592
0.0474370125432665
0.05169117120186241
0.04498836481238347
0.05929992111856624
0.03126057511304994
0.04106029691481859
0.04863321429929802
0.04659386446129604
0.04382479119698279
0.06451157399891422
0.09246865814736413
0.09246736798296243
0.08787711226930563
0.1002488150502517
0.07865340933716169
0.08036644918342008
0.08243001908249219
0.08413344758573318
0.0761124730328665
0.074359678559082
0.07552345716731061
0.07096390090289305
0.07150697368231884
0.06945686891289261
0.06846148934591374
0.07285147757087146
0.07449230513141269
0.06847388045135015
0.06534447156896114
0.07507893108413195
0.08001359782522519
0.07459945207839334
0.06664744469403666
0.06676869641946113
0.06729907220951771
0.06792279194747171
0.06115966383394082
0.07518276009289304
0.07217905797967532
0.05893753056505319
0.06787667288405845
0.05940577174473568
0.06994968229362508
0.07079666431163137
0.06497819973379172
0.06582771605650997
0.06649365947801093
0.07210775234170852
0.06914600614038836
0.06389328125721754
0.06630256230338608
0.06620737752133929
0.07198383206468165
0.06454512799885878
0.06668533974824092
0.07997147900576437
0.06756875175528475
0.07039575326455338
0.06910115300294378
0.0766161189594131
0.06648481690339807
0.0696473380309087
0.0689115115244905
0.0742051825747761
0.07074269391979829
0.07864779015863961
0.0725546611044036
0.08160210087731061
0.0754510587974629
0.07593625609971925
0.06757742579888722
