0.3566950499341729
0.1871231506379803
0.2588031730625067
0.3028504557154152
0.2872749044654075
0.3189267013849837
0.2400610858804724
0.2801434391000298
0.2363938608866059
0.2835264852207698
0.270116084077385
0.2540939688012841
0.2527542807412951
0.256204988849297
0.3284668959258648
0.2936621003606346
0.2760296520892154
0.26278163710337
0.3013348485646623
0.2127531227770816
0.2008041963818368
0.2945010963450657
0.1898025237442402
0.2193838953971863
0.256164395072487
0.3666276784425371
0.2492629748381925
0.296233216028535
0.3115787194685989
0.1873802606309398
0.2476932389682598
0.2075296961859371
0.3142580935794316
0.2411030644781134
0.1831988153162967
0.204214309708456
0.3073702076177918
0.2247020485026113
0.2723624280999216
0.2449326769689496
0.1486646606681052
0.2574905475203911
0.1737127471505926
0.2620373646195015
0.2304667612809813
0.145755239417044
0.2613336909353063
0.2015214026643989
0.2330649411410428
0.2608330038826117
0.2038760044601526
0.2342963704232419
0.2064471211326256
0.2433629390898715
0.2035647620645802
0.200709470872129
0.3399421944377128
0.1882057253564342
0.2646626130248723
0.2398310387402438
0.3142716255080834
0.5147916507185175
0.5107996517352844
0.4855079841747713
0.4100389497333698
0.3267077103759465
0.4443836553712909
0.3927989360991488
0.3866417903578683
0.5027074047018972
0.4841953633206614
0.3728795517026708
0.4708390888873111
0.5653343846958675
0.545333804039473
0.7494533899125089
0.7470717269383119
0.6591530740261078
0.6667852341459038
0.6576104093803449
0.7052707796016436
0.7565036606922578
0.9394589033019677
0.6669476156154376
0.7586823450715354
0.6827396804027344
0.7775056261694833
0.8616893971234225
0.8860473431897967
0.7901582255792082
0.7915655702687381
0.8118773916464174
0.6685173528248005
0.8734623970610372
0.794190821687827
0.9430449246690514
0.9541954582326868
0.8572643693913234
0.8676435569029176
0.9872140027164074
1.109490892860327
0.9461573389139069
0.8862367895212067
0.8152469115310841
1.014021283789967
1.003980392485522
1.034454885828361
1.011883192852642
1.058271548051513
1.129112576165896
0.9000396253017897
1.02670094638728
0.9708806497327397
1.209006635995393
1.016768312186338
0.9109871648670582
0.9468880721022573
1.083685007657898
1.026430296429088
1.121236833293786
1.15881573082356
1.302026932828882
1.213945891080278
1.031247763151533
0.8044888159532225
0.8741525404908684
0.7797384399376558
0.7165025054069047
0.7040528902846775
0.5053597112719932
0.6983964309263765
0.5257121331236335
0.5764307848523172
0.5902200880345334
0.5183776794524675
0.4760354519560096
0.5104748770762025
0.4530171932799093
0.4838976525188832
0.5055897570727916
0.4831939835226938
0.4922876183906298
0.4872401068719585
0.3748011230752709
0.3629739863818951
0.4187130827582284
0.3513904274179694
0.3828121835596106
0.3758972300572342
0.3478043970097317
0.3009153520793058
0.3117817017469513
0.2303179070520937
0.2757996066232746
0.2954889422052362
0.3192108759049619
0.2796698102120603
0.2374223075555952
0.3136626766638809
0.222022673387206
0.3416472502638785
0.2831611171197356
0.2595203793450688
0.2992373634590192
0.290617353460762
0.2526595535572995
0.2621456223927187
0.235595462362418
0.3010506737098265
0.2112510485595532
0.2637018246597119
0.2206829863317897
0.1677991804781925
0.3162608592028028
0.1781919025972988
0.1791932847392693
0.2100872802600432
0.1939569075455826
0.2346076138233871
0.2116299512680997
0.2180712735385038
0.1997486865252591
0.1779077270727479
