0.06646731844504596
0.04218470478520923
0.04647609959685227
0.04746425615508464
0.05135743927567221
0.06005617351936483
0.04742512893636706
0.05020526045802701
0.04257761351863344
0.05515209897289743
0.04733297904235351
0.0460626237640703
0.04414753267935067
0.04695018393315334
0.05905011403486456
0.05361101248253634
0.05984678583465267
0.05711732076801099
0.05047621025790322
0.04411822378195517
0.04844157358856517
0.05511608645315787
0.03996757921606418
0.04426815295958684
0.05927529722807576
0.0675208503345134
0.05374537356720058
0.06170027824814212
0.05011719980022629
0.03605113637870243
0.04674705654694861
0.0407778447833661
0.05781113568995652
0.04660140494214265
0.03893774730680932
0.04333556589627485
0.05370023201147694
0.04885893306997239
0.05636462300978237
0.04613086996034441
0.03578427627642158
0.05548078859792205
0.03578527581785877
0.05044832573331071
0.04692318603267151
0.03343299497961754
0.05181996500326607
0.04620645864554673
0.05234496204210456
0.05192590254044449
0.04127024486271991
0.04381186821587144
0.0396533731477634
0.04270006894837149
0.04431776495158517
0.04012583750066707
0.07229855115606693
0.03858215877719159
0.04862035590213349
0.0462252742785715
0.05290916184999504
0.0766646984551044
0.07218084228203718
0.06809974455149881
0.05725517618281981
0.04873751236685161
0.06252783489755888
0.05130600006971239
0.05734535853572701
0.06952574880661305
0.06367104387202502
0.05787402679787801
0.06032309314312882
0.07184036784407696
0.06456586688396497
0.07774699698596423
0.09009871103403878
0.08526569508642855
0.08318053088734038
0.08226507278725347
0.08114695132604538
0.08895435413250277
0.1026874415789656
0.07989052125120208
0.08398741140445852
0.07355651727945388
0.09549160346088599
0.08867309955380935
0.09031606420336816
0.09444689941615689
0.096230392481487
0.09074323427343936
0.07933975396941453
0.1002487747836545
0.09228605522504756
0.0989219453424327
0.09150968622734412
0.1033541537117974
0.08889001626165499
0.0984267869859121
0.1212819384605564
0.1047342401293562
0.09080545547222389
0.09049689441978416
0.1130193885546271
0.09430536680778798
0.105471399325894
0.1012593468344478
0.1072663691400811
0.1033924027381144
0.09920557483569351
0.1067573911782937
0.1059030790492579
0.1161425360558053
0.09550921505812343
0.09453600985923917
0.1009285755905896
0.1003013614101116
0.09776519328597068
0.1061346764530479
0.1273927056730031
0.1151171269850938
0.1191274352735552
0.112020492647596
0.09677551061675264
0.09436861940979475
0.0804090112610451
0.08831334079666694
0.08614450085253139
0.06537776632540636
0.09274684547503073
0.06658357800916796
0.07757660507787269
0.07778922212171167
0.07672053771236179
0.07300947878240245
0.06444160709399076
0.06211831942698546
0.07801516292326521
0.06564961133373216
0.07524188154490573
0.07184524352849983
0.08912543765140885
0.06320987332932476
0.05470164601394781
0.06125271786637872
0.05788400451605327
0.06317528291803548
0.06714401535131297
0.05704848914150114
0.05060294440472256
0.04771677377112066
0.04180592991340189
0.05176680298689096
0.05504446076286123
0.05812825084196834
0.05232208962664073
0.0405337439993334
0.05355107601155382
0.04903879738449504
0.05662605642446811
0.05326256530350266
0.04952004006851334
0.05401865226735581
0.04938825637392669
0.05491862349193848
0.04592477370145081
0.04480626820942668
0.05483037653049285
0.04206181069509721
0.04938878258685511
0.04209530562337126
0.04833315760113586
0.06415759654756409
0.04266883350055352
0.03971196049296261
0.0523146267547477
0.03960595079378541
0.04476421818119353
0.04540059840672416
0.05207971797401152
0.053163804414353
0.03712913566929032
